0.000	2.252E-4	1.440E-4
0.032	2.081E-4	1.399E-4
0.063	1.370E-4	1.388E-4
0.095	2.286E-4	1.392E-4
0.127	4.827E-4	1.448E-4
0.158	8.310E-4	1.121E-4
0.190	1.011E-3	1.452E-4
0.222	9.459E-4	2.053E-4
0.253	7.398E-4	2.074E-4
0.285	6.431E-4	1.967E-4
0.317	7.535E-4	2.273E-4
0.348	3.037E-4	1.271E-4
0.380	2.814E-4	1.242E-4
0.412	1.411E-4	2.015E-4
0.443	3.028E-6	2.529E-4
0.475	7.010E-6	2.017E-4
0.507	5.933E-5	1.781E-4
0.538	6.136E-5	1.376E-4
0.570	4.138E-5	1.803E-4
0.602	2.045E-4	1.400E-4
0.633	4.092E-4	1.746E-4
0.665	4.514E-4	1.478E-4
0.697	3.189E-4	1.339E-4
0.728	-2.015E-5	1.498E-4
0.760	-2.700E-4	1.373E-4
0.792	-1.877E-4	1.213E-4
0.823	7.822E-5	1.250E-4
0.855	2.409E-4	7.146E-5
0.887	2.154E-4	8.016E-5
0.918	1.938E-5	8.218E-5
0.950	-1.262E-4	7.934E-5
0.982	-1.756E-4	8.001E-5
1.013	-1.255E-4	4.797E-5
1.045	1.603E-5	3.935E-5
1.077	1.154E-4	1.478E-5
1.108	1.178E-4	1.468E-5
1.140	-9.222E-5	-1.937E-5
1.172	-2.039E-4	-3.409E-5
1.203	-1.814E-4	-2.506E-5
1.235	-8.535E-5	1.615E-5
1.267	-5.594E-5	-7.751E-6
1.298	-5.865E-5	-1.266E-5
1.330	-6.318E-5	-3.559E-7
1.362	-1.514E-4	-2.953E-5
1.393	-1.505E-4	-1.653E-4
1.425	2.162E-4	-1.162E-4
1.457	2.289E-4	-1.754E-4
1.488	2.779E-4	-1.697E-4
1.520	2.333E-4	-2.158E-4
1.552	7.309E-6	-3.280E-4
1.583	-6.726E-5	-3.485E-4
1.615	-6.105E-5	-3.564E-4
1.647	-2.082E-6	-3.498E-4
1.678	1.195E-5	-3.726E-4
1.710	4.808E-5	-3.757E-4
1.742	9.462E-6	-3.744E-4
1.773	2.654E-4	-2.119E-4
1.805	2.366E-4	-2.144E-4
1.837	3.357E-5	-3.760E-4
1.868	1.008E-4	-3.722E-4
1.900	1.350E-4	-3.721E-4
1.932	1.183E-4	-3.735E-4
1.963	5.784E-5	-3.706E-4
1.995	6.963E-5	-3.720E-4
2.027	6.328E-5	-3.820E-4
2.058	1.140E-4	-3.762E-4
2.090	1.381E-4	-3.712E-4
2.122	1.507E-4	-3.836E-4
2.153	1.530E-4	-3.812E-4
2.185	1.859E-4	-3.414E-4
2.217	2.250E-4	-2.877E-4
2.248	2.880E-4	-2.658E-4
2.280	2.133E-4	-3.109E-4
2.312	3.086E-4	-2.621E-4
2.343	2.882E-4	-2.872E-4
2.375	2.668E-4	-2.948E-4
2.407	2.412E-4	-2.781E-4
2.438	1.927E-4	-3.136E-4
2.470	1.657E-4	-3.174E-4
2.502	1.765E-4	-3.189E-4
2.533	2.325E-4	-2.630E-4
2.565	2.381E-4	-2.677E-4
2.597	2.349E-4	-2.661E-4
2.628	2.328E-4	-2.626E-4
2.660	2.399E-4	-2.183E-4
2.692	2.522E-4	-2.300E-4
2.723	2.516E-4	-2.257E-4
2.755	3.621E-4	-1.129E-4
2.787	3.627E-4	-1.113E-4
2.818	3.632E-4	-1.103E-4
2.850	2.446E-4	-2.184E-4
2.882	2.600E-4	-2.389E-4
2.913	2.609E-4	-2.424E-4
2.945	2.558E-4	-2.362E-4
2.977	2.554E-4	-2.358E-4
3.008	1.892E-4	-3.104E-4
3.040	1.835E-4	-3.090E-4
3.072	1.860E-4	-3.127E-4
3.103	2.521E-4	-2.609E-4
3.135	2.220E-4	-2.900E-4
3.167	2.142E-4	-2.895E-4
3.198	1.888E-4	-3.177E-4
3.230	2.089E-4	-3.196E-4
3.262	2.207E-4	-3.175E-4
3.293	1.901E-4	-3.132E-4
3.325	1.988E-4	-3.134E-4
3.357	1.998E-4	-3.141E-4
3.388	1.962E-4	-3.112E-4
3.420	2.023E-4	-3.237E-4
3.452	6.998E-5	-3.736E-4
3.483	8.458E-5	-3.835E-4
3.515	6.807E-5	-4.048E-4
3.547	9.518E-5	-4.161E-4
3.578	1.034E-4	-4.039E-4
3.610	1.118E-4	-4.055E-4
3.642	4.291E-4	-1.455E-4
3.673	4.377E-4	-1.531E-4
3.705	4.380E-4	-1.249E-4
3.737	4.580E-4	-1.184E-4
3.768	4.607E-4	-1.191E-4
3.800	4.150E-4	-1.674E-4
3.832	4.950E-4	-1.491E-4
3.863	4.850E-4	-1.171E-4
3.895	4.848E-4	-1.170E-4
3.927	4.952E-4	-1.239E-4
3.958	4.894E-4	-1.204E-4
3.990	1.967E-4	-3.454E-4
4.022	4.847E-4	-9.172E-5
4.053	4.785E-4	-8.160E-5
4.085	1.773E-4	-3.299E-4
4.117	2.621E-4	-2.678E-4
4.148	2.664E-4	-2.721E-4
4.180	3.354E-4	-1.947E-4
4.212	4.055E-4	-1.163E-4
4.243	4.026E-4	-1.103E-4
4.275	4.208E-4	-7.462E-5
4.307	-1.639E-6	-4.558E-5
4.338	-3.018E-5	-4.828E-5
4.370	1.659E-5	-2.807E-5
4.402	1.471E-5	-5.807E-5
4.433	-3.100E-5	-8.059E-5
4.465	-9.774E-5	-5.253E-4
4.497	-8.974E-5	-5.514E-4
4.528	1.495E-5	-9.383E-5
4.560	1.856E-5	-8.749E-5
4.592	4.269E-5	-1.054E-4
4.623	7.239E-5	-9.252E-5
4.655	6.918E-5	-6.172E-5
4.687	7.259E-5	-1.177E-4
4.718	7.666E-5	-1.367E-4
4.750	7.588E-5	-1.719E-4
4.782	7.975E-5	-1.732E-4
4.813	6.797E-5	-1.601E-4
4.845	9.421E-5	-2.094E-4
4.877	1.276E-4	-1.990E-4
4.908	1.420E-4	-2.238E-4
4.940	1.537E-4	-1.905E-4
4.972	1.597E-4	-1.920E-4
5.003	1.897E-4	-1.744E-4
5.035	1.888E-4	-1.619E-4
5.067	2.416E-4	-1.430E-4
5.098	2.193E-4	-1.990E-4
5.130	2.176E-4	-1.701E-4
5.162	2.184E-4	-1.368E-4
5.193	2.325E-4	-9.707E-5
5.225	2.169E-4	-5.000E-5
5.257	2.208E-4	9.943E-6
5.288	2.108E-4	8.208E-5
5.320	1.903E-4	9.192E-5
5.352	1.930E-4	1.398E-4
5.383	1.882E-4	1.473E-4
5.415	2.049E-4	8.634E-5
5.447	2.237E-4	1.461E-4
5.478	1.970E-4	2.004E-4
5.510	1.498E-4	1.886E-4
5.542	1.519E-4	1.960E-4
5.573	1.086E-4	2.200E-4
5.605	1.117E-4	2.191E-4
5.637	1.020E-4	2.249E-4
5.668	1.067E-4	1.985E-4
5.700	1.196E-4	2.037E-4
5.732	8.048E-5	2.011E-4
5.763	-7.121E-6	1.847E-4
5.795	-3.084E-6	1.732E-4
5.827	-9.130E-6	1.724E-4
5.858	4.796E-5	1.282E-4
5.890	4.753E-5	9.050E-5
5.922	-2.364E-4	-3.759E-4
5.953	-3.090E-4	-4.456E-4
5.985	-2.399E-4	-5.121E-4
6.017	-2.820E-4	-5.665E-4
6.048	-3.383E-4	-5.720E-4
6.080	-3.428E-4	-5.993E-4
6.112	-3.526E-4	-6.906E-4
6.143	5.212E-5	-5.005E-4
6.175	2.871E-5	-6.095E-4
6.207	-3.063E-5	-6.840E-4
6.238	3.738E-5	-7.659E-4
6.270	1.452E-5	-8.562E-4
6.302	1.234E-5	-9.501E-4
6.333	-1.047E-4	-1.028E-3
6.365	-1.007E-4	-1.093E-3
6.397	-1.219E-4	-1.127E-3
6.428	-1.238E-4	-1.159E-3
6.460	-1.234E-4	-1.152E-3
6.492	3.858E-4	-9.486E-4
6.523	3.078E-4	-9.155E-4
6.555	1.104E-4	-9.542E-4
6.587	7.689E-5	-9.261E-4
6.618	7.379E-5	-8.325E-4
6.650	1.846E-4	-7.144E-4
6.682	5.084E-5	-8.629E-4
6.713	1.318E-4	-7.115E-4
6.745	1.322E-4	-6.285E-4
6.777	2.017E-4	-5.249E-4
6.808	2.396E-4	-4.094E-4
6.840	3.374E-4	-2.886E-4
6.872	3.069E-4	-1.682E-4
6.903	3.742E-4	-5.508E-5
6.935	3.458E-4	3.492E-5
6.967	3.528E-4	1.429E-4
6.998	4.452E-4	1.139E-4
7.030	5.138E-4	2.385E-4
7.062	4.751E-4	3.504E-4
7.093	5.685E-4	3.537E-4
7.125	5.550E-4	3.152E-4
7.157	5.948E-4	3.493E-4
7.188	5.938E-4	4.042E-4
7.220	7.227E-4	4.290E-4
7.252	7.441E-4	3.770E-4
7.283	7.407E-4	3.495E-4
7.315	7.574E-4	3.468E-4
7.347	5.037E-4	1.996E-4
7.378	3.244E-4	1.385E-4
7.410	1.977E-4	1.385E-4
7.442	1.409E-4	5.055E-5
7.473	-4.816E-5	-7.804E-5
7.505	1.433E-4	-6.524E-5
7.537	-1.733E-4	6.683E-5
7.568	-2.555E-5	-1.516E-4
7.600	-7.922E-5	-2.538E-4
7.632	-1.219E-4	-2.135E-4
7.663	-1.292E-4	-3.133E-4
7.695	-1.281E-4	-4.349E-4
7.727	-2.038E-4	-5.495E-4
7.758	-6.320E-5	-6.148E-4
7.790	-3.144E-5	-6.468E-4
7.822	2.067E-5	-6.886E-4
7.853	3.852E-5	-7.519E-4
7.885	7.718E-5	-8.618E-4
7.917	1.173E-4	-9.253E-4
7.948	1.741E-4	-9.285E-4
7.980	1.718E-4	-9.226E-4
8.012	1.952E-4	-9.926E-4
8.043	1.937E-4	-9.888E-4
8.075	1.671E-4	-1.044E-3
8.107	1.250E-4	-9.848E-4
8.138	9.701E-5	-9.226E-4
8.170	3.180E-5	-7.363E-4
8.202	2.674E-5	-6.095E-4
8.233	-5.648E-6	-5.000E-4
8.265	-2.384E-5	-4.392E-4
8.297	-5.634E-5	-5.065E-4
8.328	-2.594E-4	-6.218E-4
8.360	-2.589E-4	-4.587E-4
8.392	-2.581E-4	-3.798E-4
8.423	-2.674E-4	-2.716E-4
8.455	-2.691E-4	-1.263E-4
8.487	-2.641E-4	1.368E-5
8.518	-2.174E-4	2.109E-4
8.550	-1.165E-4	3.461E-4
8.582	1.093E-4	4.605E-4
8.613	2.136E-4	6.774E-4
8.645	3.626E-4	7.846E-4
8.677	4.567E-4	7.293E-4
8.708	5.865E-4	8.155E-4
8.740	7.455E-4	1.130E-3
8.772	4.940E-4	8.635E-4
8.803	5.201E-4	8.069E-4
8.835	7.409E-4	1.079E-3
8.867	4.269E-4	9.515E-4
8.898	5.524E-4	1.005E-3
8.930	5.102E-4	1.131E-3
8.962	3.309E-4	8.876E-4
8.993	3.616E-5	5.012E-4
9.025	-1.463E-4	4.797E-4
9.057	-1.489E-4	4.151E-4
9.088	-1.482E-4	2.816E-4
9.120	-1.489E-4	1.103E-4
9.152	-1.984E-4	-6.899E-5
9.183	-1.798E-4	-1.941E-4
9.215	-2.103E-4	-3.400E-4
9.247	-2.051E-4	-2.650E-4
9.278	-1.518E-4	-4.104E-4
9.310	-7.768E-5	-5.082E-4
9.342	2.969E-5	-6.186E-4
9.373	7.642E-5	-7.763E-4
9.405	1.178E-4	-9.620E-4
9.437	1.990E-4	-1.108E-3
9.468	2.431E-4	-1.266E-3
9.500	3.026E-4	-1.345E-3
9.532	4.169E-4	-1.296E-3
9.563	4.312E-4	-1.385E-3
9.595	5.022E-4	-1.358E-3
9.627	4.986E-4	-1.254E-3
9.658	3.927E-4	-1.184E-3
9.690	1.914E-4	-1.152E-3
9.722	8.228E-5	-1.079E-3
9.753	6.138E-5	-1.041E-3
9.785	4.384E-5	-9.161E-4
9.817	3.791E-5	-8.245E-4
9.848	9.079E-6	-6.550E-4
9.880	-1.047E-4	-5.352E-4
9.912	-1.251E-4	-3.536E-4
9.943	-1.446E-4	-2.376E-4
9.975	-8.449E-6	-2.305E-6
10.007	-1.098E-6	1.336E-4
10.038	-1.057E-4	1.252E-4
10.070	-4.450E-4	8.862E-5
10.102	-2.689E-5	3.729E-4
10.133	1.565E-4	5.938E-4
10.165	2.767E-4	7.803E-4
10.197	3.940E-4	8.622E-4
10.228	5.961E-4	9.410E-4
10.260	8.127E-4	1.133E-3
10.292	9.654E-4	1.194E-3
10.323	1.098E-3	1.189E-3
10.355	1.039E-3	1.245E-3
10.387	1.060E-3	1.300E-3
10.418	9.372E-4	1.197E-3
10.450	8.721E-4	1.208E-3
10.482	7.183E-4	1.093E-3
10.513	6.845E-4	1.047E-3
10.545	5.718E-4	9.229E-4
10.577	4.581E-4	7.794E-4
10.608	2.722E-4	6.030E-4
10.640	6.143E-5	5.119E-4
10.672	-1.269E-4	3.527E-4
10.703	-1.832E-4	1.353E-4
10.735	-1.170E-4	2.182E-5
10.767	1.164E-4	-9.004E-5
10.798	1.598E-4	-2.563E-4
10.830	1.502E-4	-3.302E-4
10.862	7.287E-5	-5.046E-4
10.893	2.085E-5	-5.888E-4
10.925	8.010E-5	-7.602E-4
10.957	2.226E-4	-9.062E-4
10.988	3.745E-4	-1.036E-3
11.020	4.778E-4	-1.256E-3
11.052	5.299E-4	-1.355E-3
11.083	5.566E-4	-1.454E-3
11.115	6.011E-4	-1.443E-3
11.147	6.102E-4	-1.532E-3
11.178	6.178E-4	-1.524E-3
11.210	6.259E-4	-1.440E-3
11.242	5.288E-4	-1.493E-3
11.273	4.560E-4	-1.407E-3
11.305	2.931E-4	-1.370E-3
11.337	1.572E-4	-1.182E-3
11.368	1.117E-4	-1.016E-3
11.400	9.042E-5	-7.493E-4
11.432	8.264E-5	-5.520E-4
11.463	1.046E-4	-4.388E-4
11.495	1.113E-4	-3.105E-4
11.527	4.121E-5	-1.137E-4
11.558	-1.103E-5	-6.698E-5
11.590	-3.510E-5	6.981E-5
11.622	3.290E-5	1.883E-4
11.653	1.635E-4	4.340E-4
11.685	4.099E-4	7.299E-4
11.717	5.521E-4	8.651E-4
11.748	7.382E-4	9.461E-4
11.780	8.028E-4	1.118E-3
11.812	1.004E-3	1.174E-3
11.843	1.159E-3	1.303E-3
11.875	1.272E-3	1.377E-3
11.907	1.403E-3	1.451E-3
11.938	1.386E-3	1.469E-3
11.970	1.330E-3	1.406E-3
12.002	1.054E-3	1.328E-3
12.033	8.727E-4	1.184E-3
12.065	7.893E-4	1.163E-3
12.097	7.900E-4	1.095E-3
12.128	6.665E-4	9.828E-4
12.160	5.576E-4	7.826E-4
12.192	3.452E-4	5.868E-4
12.223	9.644E-6	4.739E-4
12.255	-2.387E-4	3.026E-4
12.287	-3.010E-4	1.255E-4
12.318	-2.018E-4	-9.888E-5
12.350	-1.694E-4	-3.573E-4
12.382	-9.858E-5	-5.199E-4
12.413	-9.589E-5	-5.742E-4
12.445	-1.588E-4	-7.091E-4
12.477	-2.175E-4	-8.609E-4
12.508	-4.282E-5	-9.500E-4
12.540	1.846E-4	-1.184E-3
12.572	3.115E-4	-1.412E-3
12.603	5.202E-4	-1.622E-3
12.635	5.720E-4	-1.709E-3
12.667	6.477E-4	-1.729E-3
12.698	7.183E-4	-1.660E-3
12.730	7.172E-4	-1.731E-3
12.762	7.166E-4	-1.668E-3
12.793	7.518E-4	-1.544E-3
12.825	6.834E-4	-1.477E-3
12.857	6.872E-4	-1.362E-3
12.888	5.364E-4	-1.213E-3
12.920	1.942E-4	-1.099E-3
12.952	5.628E-5	-9.523E-4
12.983	6.740E-7	-7.627E-4
13.015	7.074E-7	-5.316E-4
13.047	5.022E-6	-5.833E-4
13.078	4.046E-5	-4.040E-4
13.110	1.289E-6	-2.166E-4
13.142	-7.823E-5	-1.433E-5
13.173	-7.873E-5	2.049E-4
13.205	4.148E-5	4.872E-4
13.237	2.860E-4	6.899E-4
13.268	5.027E-4	6.974E-4
13.300	7.470E-4	9.730E-4
13.332	9.870E-4	1.278E-3
13.363	1.093E-3	1.192E-3
13.395	1.334E-3	1.434E-3
13.427	1.490E-3	1.489E-3
13.458	1.563E-3	1.480E-3
13.490	1.551E-3	1.653E-3
13.522	1.496E-3	1.555E-3
13.553	1.366E-3	1.527E-3
13.585	1.229E-3	1.509E-3
13.617	1.149E-3	1.406E-3
13.648	1.103E-3	1.224E-3
13.680	1.064E-3	1.195E-3
13.712	9.598E-4	1.000E-3
13.743	7.235E-4	8.442E-4
13.775	3.759E-4	6.282E-4
13.807	-3.278E-5	4.555E-4
13.838	-3.010E-4	2.309E-4
13.870	-2.678E-4	5.884E-5
13.902	1.592E-5	-1.222E-4
13.933	2.312E-4	-3.435E-4
13.965	1.967E-4	-4.901E-4
13.997	5.543E-5	-5.730E-4
14.028	-1.399E-4	-7.490E-4
14.060	-1.481E-4	-9.196E-4
14.092	5.937E-5	-1.125E-3
14.123	4.005E-4	-1.332E-3
14.155	6.880E-4	-1.534E-3
14.187	8.452E-4	-1.655E-3
14.218	8.816E-4	-1.692E-3
14.250	8.985E-4	-1.798E-3
14.282	8.173E-4	-1.827E-3
14.313	8.644E-4	-1.774E-3
14.345	8.705E-4	-1.709E-3
14.377	7.832E-4	-1.714E-3
14.408	6.443E-4	-1.677E-3
14.440	8.368E-4	-1.275E-3
14.472	6.235E-4	-1.151E-3
14.503	4.257E-4	-9.754E-4
14.535	-1.326E-4	-1.164E-3
14.567	-2.589E-4	-9.550E-4
14.598	-1.863E-4	-7.700E-4
14.630	-9.649E-5	-7.214E-4
14.662	-2.170E-5	-5.269E-4
14.693	-7.755E-5	-3.212E-4
14.725	-2.017E-4	-1.854E-4
14.757	-1.979E-4	4.788E-5
14.788	-3.228E-5	3.462E-4
14.820	1.428E-4	4.847E-4
14.852	4.022E-4	6.991E-4
14.883	7.274E-4	8.650E-4
14.915	1.067E-3	1.130E-3
14.947	1.198E-3	1.161E-3
14.978	1.579E-3	1.481E-3
15.010	1.181E-3	1.238E-3
15.042	1.150E-3	1.326E-3
15.073	9.861E-4	1.403E-3
15.105	1.467E-3	1.638E-3
15.137	1.371E-3	1.624E-3
15.168	1.329E-3	1.552E-3
15.200	1.326E-3	1.391E-3
15.232	1.309E-3	1.287E-3
15.263	1.337E-3	1.174E-3
15.295	1.144E-3	1.019E-3
15.327	7.796E-4	8.155E-4
15.358	3.344E-4	5.878E-4
15.390	-6.654E-4	7.565E-5
15.422	-8.343E-4	-2.379E-4
15.453	-6.692E-4	-3.490E-4
15.485	2.359E-4	-1.743E-4
15.517	7.290E-4	-3.982E-4
15.548	3.069E-4	-4.638E-4
15.580	-5.144E-4	-1.054E-3
15.612	-6.725E-4	-1.269E-3
15.643	-6.027E-4	-1.476E-3
15.675	-3.114E-4	-1.652E-3
15.707	2.441E-5	-1.790E-3
15.738	2.837E-4	-1.966E-3
15.770	3.823E-4	-2.084E-3
15.802	4.117E-4	-2.173E-3
15.833	4.254E-4	-2.192E-3
15.865	4.284E-4	-2.203E-3
15.897	3.421E-4	-2.227E-3
15.928	2.824E-4	-2.193E-3
15.960	8.924E-4	-1.688E-3
15.992	8.040E-4	-1.647E-3
16.023	7.098E-4	-1.522E-3
16.055	5.170E-4	-1.361E-3
16.087	3.156E-4	-1.128E-3
16.118	8.247E-5	-9.518E-4
16.150	4.365E-5	-6.929E-4
16.182	1.034E-4	-4.853E-4
16.213	1.673E-4	-5.008E-4
16.245	2.258E-4	-2.733E-4
16.277	1.651E-4	-9.305E-5
16.308	3.078E-5	7.546E-5
16.340	2.507E-5	3.112E-4
16.372	2.022E-5	4.685E-4
16.403	3.334E-4	7.565E-4
16.435	5.837E-4	7.745E-4
16.467	9.265E-4	1.007E-3
16.498	1.187E-3	1.206E-3
16.530	1.293E-3	1.184E-3
16.562	1.363E-3	1.333E-3
16.593	1.751E-3	1.562E-3
16.625	1.645E-3	1.575E-3
16.657	1.470E-3	1.758E-3
16.688	1.345E-3	1.595E-3
16.720	8.607E-4	1.247E-3
16.752	8.519E-4	1.281E-3
16.783	1.349E-3	1.297E-3
16.815	1.346E-3	1.068E-3
16.847	1.193E-3	9.024E-4
16.878	1.268E-3	8.758E-4
16.910	8.219E-4	8.193E-4
16.942	1.916E-4	5.829E-4
16.973	-3.181E-4	2.271E-4
17.005	-4.047E-4	-4.317E-5
17.037	-9.929E-5	-2.232E-4
17.068	3.399E-4	-4.327E-4
17.100	3.883E-4	-5.377E-4
17.132	9.834E-5	-7.428E-4
17.163	-2.294E-5	-7.350E-4
17.195	-1.428E-4	-9.623E-4
17.227	2.269E-5	-1.183E-3
17.258	4.840E-4	-1.357E-3
17.290	8.788E-4	-1.529E-3
17.322	1.130E-3	-1.687E-3
17.353	1.214E-3	-1.822E-3
17.385	1.157E-3	-1.940E-3
17.417	1.051E-3	-1.926E-3
17.448	4.308E-4	-2.190E-3
17.480	3.729E-4	-2.222E-3
17.512	3.064E-4	-2.074E-3
17.543	8.254E-4	-1.670E-3
17.575	7.484E-4	-1.626E-3
17.607	6.349E-4	-1.537E-3
17.638	4.054E-4	-1.359E-3
17.670	1.944E-4	-1.105E-3
17.702	-3.006E-5	-9.264E-4
17.733	-7.181E-5	-6.535E-4
17.765	4.787E-5	-4.352E-4
17.797	1.216E-4	-3.785E-4
17.828	1.412E-4	-1.487E-4
17.860	5.475E-5	3.534E-5
17.892	-4.007E-5	1.687E-4
17.923	-2.917E-5	3.427E-4
17.955	1.354E-4	6.099E-4
17.987	2.268E-4	6.613E-4
18.018	6.044E-4	8.102E-4
18.050	1.029E-3	1.067E-3
18.082	1.331E-3	1.296E-3
18.113	1.420E-3	1.261E-3
18.145	1.747E-3	1.652E-3
18.177	1.714E-3	1.653E-3
18.208	1.549E-3	1.682E-3
18.240	1.365E-3	1.723E-3
18.272	1.182E-3	1.674E-3
18.303	1.135E-3	1.583E-3
18.335	1.186E-3	1.471E-3
18.367	1.383E-3	1.320E-3
18.398	1.427E-3	1.140E-3
18.430	1.411E-3	1.063E-3
18.462	1.082E-3	8.707E-4
18.493	5.791E-4	6.566E-4
18.525	-6.509E-5	4.038E-4
18.557	-4.248E-4	1.825E-4
18.588	-3.430E-4	-4.374E-5
18.620	1.163E-4	-9.271E-5
18.652	-3.261E-6	-6.379E-4
18.683	-9.287E-5	-8.044E-4
18.715	-5.203E-4	-1.040E-3
18.747	-7.021E-4	-1.155E-3
18.778	-7.679E-4	-1.375E-3
18.810	-4.330E-4	-1.565E-3
18.842	5.628E-5	-1.788E-3
18.873	4.692E-4	-1.976E-3
18.905	6.911E-4	-2.134E-3
18.937	7.479E-4	-2.223E-3
18.968	6.399E-4	-2.258E-3
19.000	4.783E-4	-2.273E-3
19.032	3.093E-4	-2.274E-3
19.063	2.612E-4	-2.263E-3
19.095	5.851E-4	-1.940E-3
19.127	6.648E-4	-1.760E-3
19.158	7.367E-4	-1.634E-3
19.190	6.974E-4	-1.452E-3
19.222	5.126E-4	-1.210E-3
19.253	1.429E-4	-1.106E-3
19.285	-8.756E-5	-9.942E-4
19.317	-1.088E-4	-7.543E-4
19.348	8.832E-5	-5.326E-4
19.380	1.086E-4	-4.634E-4
19.412	1.979E-4	-2.342E-4
19.443	1.004E-4	-2.374E-5
19.475	-4.119E-5	2.095E-4
19.507	-7.787E-5	3.308E-4
19.538	1.364E-4	5.488E-4
19.570	3.480E-4	6.849E-4
19.602	8.864E-4	1.011E-3
19.633	1.162E-3	1.069E-3
19.665	1.407E-3	1.267E-3
19.697	1.491E-3	1.332E-3
19.728	1.523E-3	1.417E-3
19.760	1.428E-3	1.541E-3
19.792	1.436E-3	1.626E-3
19.823	7.770E-4	1.359E-3
19.855	6.582E-4	1.370E-3
19.887	7.243E-4	1.275E-3
19.918	8.933E-4	1.133E-3
19.950	1.469E-3	1.211E-3
19.982	1.459E-3	1.042E-3
20.013	1.417E-3	9.216E-4
20.045	8.942E-4	6.017E-4
20.077	3.930E-4	5.327E-4
20.108	-2.683E-4	3.555E-4
20.140	-5.420E-4	1.328E-4
20.172	-2.661E-4	-2.135E-5
20.203	2.931E-4	-2.100E-4
20.235	5.804E-4	-4.383E-4
20.267	2.827E-4	-6.064E-4
20.298	-1.593E-4	-8.398E-4
20.330	-3.302E-4	-9.269E-4
20.362	-2.743E-4	-1.203E-3
20.393	1.978E-4	-1.386E-3
20.425	8.378E-4	-1.538E-3
20.457	1.249E-3	-1.766E-3
20.488	9.366E-4	-2.203E-3
20.520	8.679E-4	-2.252E-3
20.552	8.997E-4	-2.259E-3
20.583	4.954E-4	-2.384E-3
20.615	3.844E-4	-2.274E-3
20.647	2.894E-4	-2.282E-3
20.678	2.420E-4	-2.160E-3
20.710	6.010E-4	-1.736E-3
20.742	6.658E-4	-1.452E-3
20.773	5.434E-4	-1.355E-3
20.805	3.987E-4	-1.194E-3
20.837	6.020E-5	-9.567E-4
20.868	-8.676E-5	-7.309E-4
20.900	-3.003E-5	-4.958E-4
20.932	1.715E-4	-3.171E-4
20.963	2.623E-4	-1.510E-4
20.995	2.534E-4	3.274E-5
21.027	1.157E-4	1.938E-4
21.058	-2.699E-5	2.846E-4
21.090	-1.255E-5	4.984E-4
21.122	3.235E-4	7.990E-4
21.153	4.648E-4	8.357E-4
21.185	9.231E-4	9.478E-4
21.217	1.696E-3	1.478E-3
21.248	1.985E-3	1.590E-3
21.280	2.048E-3	1.614E-3
21.312	2.001E-3	1.722E-3
21.343	1.731E-3	1.675E-3
21.375	1.305E-3	1.635E-3
21.407	1.032E-3	1.647E-3
21.438	9.321E-4	1.462E-3
21.470	1.044E-3	1.407E-3
21.502	1.345E-3	1.385E-3
21.533	1.537E-3	1.113E-3
21.565	1.564E-3	9.759E-4
21.597	1.410E-3	8.365E-4
21.628	9.038E-4	6.214E-4
21.660	1.804E-4	4.036E-4
21.692	-4.927E-4	2.551E-4
21.723	-5.988E-4	2.212E-5
21.755	-1.246E-4	-1.401E-4
21.787	5.141E-4	-3.391E-4
21.818	5.710E-4	-5.874E-4
21.850	1.941E-4	-7.518E-4
21.882	-6.632E-4	-1.217E-3
21.913	-8.124E-4	-1.315E-3
21.945	-8.189E-4	-1.397E-3
21.977	-7.719E-5	-1.700E-3
22.008	3.320E-4	-1.879E-3
22.040	8.112E-4	-2.158E-3
22.072	9.792E-4	-2.200E-3
22.103	9.805E-4	-2.293E-3
22.135	7.629E-4	-2.364E-3
22.167	4.828E-4	-2.333E-3
22.198	2.037E-4	-2.237E-3
22.230	1.513E-4	-2.274E-3
22.262	6.412E-4	-1.740E-3
22.293	5.393E-4	-1.699E-3
22.325	7.118E-4	-1.435E-3
22.357	6.513E-4	-1.235E-3
22.388	1.353E-4	-1.247E-3
22.420	-1.957E-4	-1.012E-3
22.452	-3.882E-4	-7.968E-4
22.483	-3.632E-4	-5.963E-4
22.515	-1.380E-5	-4.055E-4
22.547	8.402E-5	-3.749E-4
22.578	8.245E-5	-1.421E-4
22.610	-1.372E-4	2.901E-5
22.642	-2.900E-4	2.685E-4
22.673	-1.933E-4	4.616E-4
22.705	7.832E-5	6.331E-4
22.737	5.223E-4	8.697E-4
22.768	9.906E-4	1.071E-3
22.800	1.564E-3	1.294E-3
22.832	1.744E-3	1.393E-3
22.863	1.752E-3	1.446E-3
22.895	1.598E-3	1.503E-3
22.927	1.319E-3	1.653E-3
22.958	9.828E-4	1.529E-3
22.990	9.594E-4	1.525E-3
23.022	1.112E-3	1.659E-3
23.053	1.056E-3	1.280E-3
23.085	1.303E-3	1.098E-3
23.117	1.451E-3	9.267E-4
23.148	1.321E-3	6.668E-4
23.180	1.290E-3	6.125E-4
23.212	7.684E-4	4.712E-4
23.243	-1.123E-4	1.112E-4
23.275	-5.616E-4	-8.848E-5
23.307	-4.940E-4	-3.144E-4
23.338	1.072E-4	-4.926E-4
23.370	6.150E-4	-6.424E-4
23.402	3.310E-5	-9.023E-4
23.433	-4.972E-4	-1.105E-3
23.465	-8.331E-4	-1.367E-3
23.497	-3.287E-4	-1.558E-3
23.528	-1.211E-5	-1.531E-3
23.560	4.660E-4	-1.822E-3
23.592	1.265E-3	-1.761E-3
23.623	1.251E-3	-2.177E-3
23.655	1.286E-3	-2.276E-3
23.687	1.171E-3	-2.343E-3
23.718	9.575E-4	-2.346E-3
23.750	6.994E-4	-2.266E-3
23.782	4.422E-4	-2.217E-3
23.813	4.585E-4	-2.091E-3
23.845	4.560E-4	-1.970E-3
23.877	6.251E-4	-1.767E-3
23.908	5.960E-4	-1.585E-3
23.940	4.866E-4	-1.408E-3
23.972	2.182E-4	-1.157E-3
24.003	-3.839E-5	-9.256E-4
24.035	-1.525E-4	-7.478E-4
24.067	-2.926E-5	-5.509E-4
24.098	2.151E-4	-3.416E-4
24.130	2.281E-4	-1.426E-4
24.162	1.868E-4	3.172E-5
24.193	4.750E-7	1.916E-4
24.225	-4.613E-5	3.274E-4
24.257	5.193E-5	4.380E-4
24.288	3.270E-4	7.338E-4
24.320	7.949E-4	1.008E-3
24.352	1.321E-3	1.124E-3
24.383	1.645E-3	1.325E-3
24.415	1.842E-3	1.431E-3
24.447	1.717E-3	1.529E-3
24.478	1.633E-3	1.512E-3
24.510	1.306E-3	1.508E-3
24.542	1.023E-3	1.442E-3
24.573	8.546E-4	1.439E-3
24.605	9.370E-4	1.285E-3
24.637	1.177E-3	1.151E-3
24.668	1.449E-3	1.007E-3
24.700	1.706E-3	8.303E-4
24.732	1.515E-3	6.460E-4
24.763	9.699E-4	4.899E-4
24.795	5.758E-4	3.432E-4
24.827	-1.517E-4	8.312E-5
24.858	-4.317E-4	-3.791E-5
24.890	-5.747E-5	-2.103E-4
24.922	3.037E-4	-4.868E-4
24.953	8.856E-4	-5.735E-4
24.985	5.640E-4	-7.686E-4
25.017	-7.076E-6	-1.012E-3
25.048	-6.532E-4	-1.412E-3
25.080	-3.904E-4	-1.695E-3
25.112	2.706E-4	-1.614E-3
25.143	9.005E-4	-1.822E-3
25.175	9.938E-4	-2.114E-3
25.207	1.258E-3	-2.307E-3
25.238	1.251E-3	-2.278E-3
25.270	9.999E-4	-2.292E-3
25.302	7.058E-4	-2.404E-3
25.333	4.875E-4	-2.325E-3
25.365	2.344E-4	-2.217E-3
25.397	4.198E-4	-2.018E-3
25.428	2.000E-4	-1.973E-3
25.460	4.900E-4	-1.744E-3
25.492	5.252E-4	-1.541E-3
25.523	3.448E-4	-1.392E-3
25.555	5.309E-5	-1.160E-3
25.587	-2.637E-4	-9.744E-4
25.618	-2.830E-4	-7.542E-4
25.650	-1.095E-4	-5.515E-4
25.682	-1.108E-4	-3.756E-4
25.713	1.530E-5	-1.121E-4
25.745	-3.197E-5	-2.784E-5
25.777	-2.128E-4	1.197E-4
25.808	-2.782E-4	3.805E-4
25.840	1.219E-4	7.143E-4
25.872	5.034E-4	9.045E-4
25.903	1.018E-3	1.061E-3
25.935	1.460E-3	1.276E-3
25.967	1.762E-3	1.407E-3
25.998	1.790E-3	1.467E-3
26.030	1.628E-3	1.627E-3
26.062	1.501E-3	1.561E-3
26.093	1.151E-3	1.637E-3
26.125	8.642E-4	1.592E-3
26.157	8.066E-4	1.467E-3
26.188	8.573E-4	1.398E-3
26.220	1.229E-3	1.249E-3
26.252	1.422E-3	1.011E-3
26.283	1.370E-3	8.500E-4
26.315	9.730E-4	6.073E-4
26.347	2.292E-4	3.154E-4
26.378	-3.569E-5	4.280E-4
26.410	-6.712E-4	1.182E-4
26.442	-6.809E-4	-8.095E-5
26.473	-1.496E-4	-3.588E-4
26.505	4.261E-4	-5.189E-4
26.537	4.938E-4	-6.777E-4
26.568	2.616E-5	-8.719E-4
26.600	-4.367E-4	-1.080E-3
26.632	-3.162E-4	-1.158E-3
26.663	5.202E-6	-1.447E-3
26.695	1.735E-4	-1.705E-3
26.727	8.063E-4	-1.823E-3
26.758	1.264E-3	-1.996E-3
26.790	1.330E-3	-2.195E-3
26.822	1.228E-3	-2.276E-3
26.853	9.842E-4	-2.231E-3
26.885	6.652E-4	-2.230E-3
26.917	3.711E-4	-2.226E-3
26.948	2.138E-4	-2.078E-3
26.980	1.939E-4	-1.850E-3
27.012	1.971E-4	-1.883E-3
27.043	2.052E-4	-1.592E-3
27.075	2.549E-4	-1.380E-3
27.107	8.664E-5	-1.181E-3
27.138	-2.534E-4	-9.934E-4
27.170	-4.787E-4	-7.501E-4
27.202	-4.789E-4	-5.673E-4
27.233	-2.414E-4	-3.999E-4
27.265	-9.708E-5	-2.577E-4
27.297	-1.593E-4	-3.445E-5
27.328	-2.572E-4	2.078E-4
27.360	-3.768E-4	3.560E-4
27.392	-2.707E-4	4.427E-4
27.423	2.211E-4	7.502E-4
27.455	6.373E-4	1.090E-3
27.487	1.290E-3	1.104E-3
27.518	1.582E-3	1.477E-3
27.550	1.806E-3	1.820E-3
27.582	1.732E-3	1.760E-3
27.613	1.409E-3	1.792E-3
27.645	1.242E-3	1.597E-3
27.677	8.397E-4	1.590E-3
27.708	5.930E-4	1.592E-3
27.740	1.094E-3	1.416E-3
27.772	1.323E-3	1.277E-3
27.803	1.586E-3	1.185E-3
27.835	1.534E-3	9.630E-4
27.867	1.422E-3	7.654E-4
27.898	8.672E-4	5.833E-4
27.930	-3.269E-5	3.804E-4
27.962	-4.436E-4	2.066E-4
27.993	-8.986E-4	-1.335E-5
28.025	-6.366E-4	-1.470E-4
28.057	-2.791E-5	-3.981E-4
28.088	4.582E-4	-5.597E-4
28.120	2.890E-4	-6.427E-4
28.152	-2.941E-4	-9.212E-4
28.183	-5.627E-4	-1.092E-3
28.215	-3.615E-4	-1.412E-3
28.247	2.499E-4	-1.521E-3
28.278	6.279E-4	-1.616E-3
28.310	1.227E-3	-1.888E-3
28.342	1.621E-3	-1.919E-3
28.373	1.582E-3	-2.079E-3
28.405	1.485E-3	-2.127E-3
28.437	1.412E-3	-2.031E-3
28.468	1.073E-3	-2.173E-3
28.500	1.035E-3	-2.051E-3
28.532	1.151E-3	-1.832E-3
28.563	1.180E-3	-1.652E-3
28.595	1.188E-3	-1.620E-3
28.627	1.043E-3	-1.402E-3
28.658	3.731E-4	-1.388E-3
28.690	1.901E-4	-1.240E-3
28.722	3.704E-5	-8.089E-4
28.753	-7.237E-4	-8.321E-4
28.785	-5.451E-4	-6.322E-4
28.817	4.489E-4	-2.211E-4
28.848	1.099E-3	1.679E-4
28.880	5.859E-4	5.660E-4
28.912	1.324E-4	-2.306E-5
28.943	-5.547E-5	1.206E-4
28.975	3.243E-4	5.494E-4
29.007	1.276E-3	1.328E-3
29.038	1.656E-3	1.705E-3
29.070	1.413E-3	1.040E-3
29.102	2.245E-3	1.292E-3
29.133	2.337E-3	1.383E-3
29.197	1.980E-3	1.544E-3
29.228	1.828E-3	1.586E-3
29.260	1.034E-3	1.275E-3
29.292	7.371E-4	1.319E-3
29.323	7.370E-4	1.100E-3
29.355	1.141E-3	9.868E-4
29.387	1.777E-3	9.842E-4
29.418	1.887E-3	7.878E-4
29.450	1.649E-3	9.992E-4
29.482	8.301E-4	2.903E-4
29.513	3.802E-5	3.677E-5
29.545	-2.126E-4	-1.413E-4
29.577	-3.578E-4	-2.614E-4
29.608	1.846E-4	-1.744E-4
29.640	2.483E-4	-7.976E-4
29.672	5.166E-4	-6.099E-4
29.703	-2.488E-4	-1.013E-3
29.735	-3.095E-4	-1.042E-3
29.767	-3.095E-4	-1.181E-3
29.798	8.245E-5	-1.470E-3
29.830	7.727E-4	-1.702E-3
29.862	1.121E-3	-1.703E-3
29.893	1.539E-3	-2.123E-3
29.925	1.982E-3	-2.192E-3
29.957	2.189E-3	-2.169E-3
29.988	2.020E-3	-2.284E-3
30.020	1.645E-3	-2.340E-3
30.052	1.443E-3	-2.191E-3
30.083	5.111E-4	-2.276E-3
30.115	6.168E-4	-2.131E-3
30.147	6.842E-4	-1.917E-3
30.178	5.416E-4	-1.732E-3
30.210	6.463E-4	-1.494E-3
30.242	4.815E-4	-1.362E-3
30.273	1.325E-4	-1.177E-3
30.305	-1.251E-4	-9.535E-4
30.337	-1.592E-4	-7.455E-4
30.368	-1.839E-5	-5.676E-4
30.400	2.216E-4	-4.314E-4
30.432	4.178E-4	-1.687E-4
30.463	4.506E-5	-5.646E-5
30.495	3.310E-5	5.557E-5
30.527	5.805E-5	2.857E-4
30.558	6.735E-4	9.052E-4
30.590	6.635E-4	1.040E-3
30.622	1.197E-3	1.227E-3
30.653	1.633E-3	1.328E-3
30.685	1.869E-3	1.394E-3
30.717	1.868E-3	1.366E-3
30.748	2.010E-3	1.625E-3
30.780	1.759E-3	1.590E-3
30.812	1.620E-3	1.583E-3
30.843	1.429E-3	1.572E-3
30.875	1.157E-3	1.325E-3
30.907	1.385E-3	1.327E-3
30.938	1.343E-3	9.857E-4
30.970	1.710E-3	7.841E-4
31.002	1.641E-3	8.298E-4
31.033	1.259E-3	6.994E-4
31.065	5.673E-4	5.011E-4
31.097	-1.193E-4	3.123E-4
31.128	-3.299E-4	2.383E-4
31.160	-2.442E-4	5.819E-5
31.192	3.044E-4	-3.734E-4
31.223	4.922E-4	-7.214E-4
31.255	5.086E-4	-8.887E-4
31.287	9.837E-7	-1.153E-3
31.318	-3.277E-4	-1.350E-3
31.350	-1.252E-4	-1.562E-3
31.382	4.676E-4	-1.745E-3
31.413	9.319E-4	-2.000E-3
31.445	1.147E-3	-2.164E-3
31.477	1.582E-3	-2.283E-3
31.508	1.409E-3	-2.116E-3
31.540	1.346E-3	-2.208E-3
31.572	1.382E-3	-2.191E-3
31.603	1.020E-3	-1.985E-3
31.635	8.053E-4	-1.820E-3
31.667	6.448E-4	-1.754E-3
31.698	4.316E-4	-1.827E-3
31.730	6.547E-4	-1.380E-3
31.762	6.893E-4	-1.442E-3
31.793	6.243E-4	-1.202E-3
31.825	3.759E-4	-9.929E-4
31.857	-3.439E-4	-9.604E-4
31.888	-5.138E-4	-7.231E-4
31.920	-4.950E-4	-5.990E-4
31.952	-2.007E-4	-3.813E-4
31.983	-8.458E-5	-2.009E-4
32.015	-2.070E-4	-2.416E-5
32.047	-3.183E-4	1.433E-4
32.078	-3.273E-4	2.653E-4
32.110	-1.944E-4	4.526E-4
32.142	5.502E-4	8.612E-4
32.173	1.038E-3	1.010E-3
32.205	1.593E-3	1.262E-3
32.237	2.009E-3	1.340E-3
32.268	1.857E-3	1.407E-3
32.300	2.026E-3	1.588E-3
32.332	1.783E-3	1.643E-3
32.363	1.505E-3	1.701E-3
32.395	1.316E-3	1.708E-3
32.427	9.627E-4	1.455E-3
32.458	9.227E-4	1.297E-3
32.490	1.192E-3	1.183E-3
32.522	1.604E-3	9.917E-4
32.553	1.814E-3	8.459E-4
32.585	1.749E-3	7.250E-4
32.617	1.332E-3	5.669E-4
32.648	6.852E-4	5.468E-4
32.680	-5.964E-5	2.575E-4
32.712	-1.802E-4	1.366E-4
32.743	1.075E-4	-5.390E-5
32.775	5.907E-4	-3.409E-4
32.807	9.941E-4	-5.450E-4
32.838	7.142E-4	-7.192E-4
32.870	1.883E-4	-9.519E-4
32.902	5.480E-5	-1.073E-3
32.933	3.673E-4	-1.352E-3
32.965	7.717E-4	-1.735E-3
32.997	1.390E-3	-2.002E-3
33.028	1.674E-3	-2.084E-3
33.060	1.724E-3	-2.368E-3
33.092	1.790E-3	-2.425E-3
33.123	1.615E-3	-2.432E-3
33.155	1.272E-3	-2.447E-3
33.187	1.312E-3	-2.247E-3
33.218	1.061E-3	-2.138E-3
33.250	1.067E-3	-1.939E-3
33.282	1.073E-3	-1.801E-3
33.313	1.132E-3	-1.624E-3
33.345	1.104E-3	-1.498E-3
33.377	9.952E-4	-1.250E-3
33.408	5.714E-4	-1.004E-3
33.440	-4.576E-4	-9.951E-4
33.472	-9.295E-4	-7.600E-4
33.503	-3.787E-4	-6.263E-4
33.535	9.515E-5	-4.291E-4
33.567	1.211E-4	-2.171E-4
33.598	-5.342E-5	-5.414E-6
33.630	-2.277E-4	2.272E-4
33.662	-2.006E-4	3.266E-4
33.693	-2.197E-4	5.497E-4
33.725	2.057E-4	7.265E-4
33.757	7.831E-4	9.230E-4
33.788	1.349E-3	1.071E-3
33.820	1.624E-3	1.356E-3
33.852	1.762E-3	1.408E-3
33.883	1.745E-3	1.447E-3
33.915	1.275E-3	1.415E-3
33.947	8.744E-4	1.442E-3
33.978	7.831E-4	1.361E-3
34.010	7.415E-4	1.300E-3
34.042	8.618E-4	1.196E-3
34.073	9.707E-4	1.052E-3
34.105	1.284E-3	9.494E-4
34.137	1.289E-3	7.615E-4
34.168	1.536E-3	5.745E-4
34.200	9.191E-4	4.079E-4
34.232	1.079E-4	2.643E-4
34.263	-2.981E-4	1.549E-4
34.295	-3.043E-4	-1.037E-4
34.327	1.786E-4	-2.365E-4
34.358	2.753E-4	-6.314E-4
34.390	4.590E-4	-8.140E-4
34.422	-1.213E-4	-1.010E-3
34.453	-4.761E-4	-1.209E-3
34.485	-5.948E-4	-1.389E-3
34.517	-1.712E-4	-1.563E-3
34.548	4.267E-4	-1.781E-3
34.580	1.385E-3	-1.842E-3
34.612	1.598E-3	-1.783E-3
34.643	1.803E-3	-2.104E-3
34.675	1.656E-3	-2.263E-3
34.707	1.430E-3	-2.082E-3
34.738	1.066E-3	-2.105E-3
34.770	8.315E-4	-2.085E-3
34.802	5.641E-4	-1.936E-3
34.833	4.956E-4	-1.772E-3
34.865	5.190E-4	-1.685E-3
34.897	5.150E-4	-1.506E-3
34.928	5.149E-4	-1.369E-3
34.960	3.223E-4	-1.079E-3
34.992	-3.465E-5	-8.680E-4
35.023	-3.123E-4	-6.684E-4
35.055	-2.890E-4	-4.704E-4
35.087	-5.714E-5	-3.188E-4
35.118	2.179E-4	6.723E-5
35.150	1.468E-4	1.987E-4
35.182	7.458E-5	5.125E-4
35.213	7.341E-5	7.280E-4
35.245	1.274E-4	8.418E-4
35.277	3.765E-4	9.174E-4
35.308	9.510E-4	1.191E-3
35.340	1.454E-3	1.324E-3
35.372	1.818E-3	1.447E-3
35.403	2.075E-3	1.523E-3
35.435	1.990E-3	1.642E-3
35.467	1.707E-3	1.612E-3
35.498	1.316E-3	1.611E-3
35.530	9.732E-4	1.642E-3
35.562	8.795E-4	1.597E-3
35.593	8.314E-4	1.501E-3
35.625	1.119E-3	1.308E-3
35.657	1.504E-3	1.156E-3
35.688	1.774E-3	9.372E-4
35.720	1.797E-3	6.866E-4
35.752	1.318E-3	4.583E-4
35.783	5.171E-4	2.616E-4
35.815	-6.380E-4	-3.365E-5
35.847	-1.222E-3	-1.972E-4
35.878	-6.784E-4	-4.540E-4
35.910	9.988E-6	-5.362E-4
35.942	6.070E-4	-7.560E-4
35.973	8.602E-4	-7.771E-4
36.005	2.754E-4	-9.469E-4
36.037	-6.063E-4	-1.393E-3
36.068	-5.992E-4	-1.480E-3
36.100	8.589E-5	-1.741E-3
36.132	1.095E-3	-1.988E-3
36.163	1.683E-3	-2.279E-3
36.195	1.893E-3	-2.217E-3
36.227	2.038E-3	-2.479E-3
36.258	1.961E-3	-2.456E-3
36.290	1.469E-3	-2.375E-3
36.322	1.012E-3	-2.487E-3
36.353	8.690E-4	-2.395E-3
36.385	6.565E-4	-2.131E-3
36.417	9.570E-4	-1.793E-3
36.448	1.018E-3	-1.712E-3
36.480	1.035E-3	-1.533E-3
36.512	8.950E-4	-1.216E-3
36.543	7.547E-4	-1.047E-3
36.575	-1.056E-4	-1.003E-3
36.607	-3.296E-4	-8.424E-4
36.638	-1.019E-4	-5.991E-4
36.670	3.376E-6	-4.752E-4
36.702	4.769E-4	-2.882E-4
36.733	2.178E-5	-1.160E-4
36.765	-1.502E-4	1.986E-4
36.797	-1.986E-4	5.454E-4
36.828	-1.517E-4	4.568E-4
36.860	1.411E-4	8.247E-4
36.892	8.211E-4	9.742E-4
36.923	1.328E-3	1.019E-3
36.955	1.945E-3	1.231E-3
36.987	2.123E-3	1.333E-3
37.018	2.027E-3	1.244E-3
37.050	1.623E-3	1.407E-3
37.082	1.597E-3	1.754E-3
37.113	8.086E-4	1.312E-3
37.145	5.423E-4	1.485E-3
37.177	1.151E-3	1.307E-3
37.208	1.540E-3	1.298E-3
37.240	1.850E-3	1.095E-3
37.272	1.872E-3	7.822E-4
37.303	1.683E-3	6.586E-4
37.335	1.409E-3	6.648E-4
37.367	4.849E-4	4.390E-4
37.398	-4.991E-5	3.120E-4
37.430	-7.167E-4	-3.557E-4
37.462	-5.046E-4	-3.296E-4
37.493	-2.635E-4	-4.829E-4
37.525	7.609E-4	-6.241E-4
37.557	4.581E-4	-7.469E-4
37.588	-2.005E-4	-9.911E-4
37.620	-4.414E-4	-1.248E-3
37.652	-4.675E-4	-1.668E-3
37.683	5.220E-4	-1.647E-3
37.715	4.228E-3	-1.921E-3
37.747	2.746E-3	-2.405E-3
37.778	2.848E-3	-2.505E-3
37.810	2.884E-3	-2.600E-3
37.842	2.657E-3	-2.804E-3
37.873	2.402E-3	-2.579E-3
37.905	2.020E-3	-2.426E-3
37.937	1.697E-3	-2.395E-3
37.968	1.492E-3	-2.247E-3
38.000	1.527E-3	-1.999E-3
38.032	1.549E-3	-1.786E-3
38.063	1.522E-3	-1.644E-3
38.095	1.427E-3	-1.551E-3
38.127	9.418E-4	-1.356E-3
38.158	5.481E-4	-1.159E-3
38.190	3.582E-4	-9.115E-4
38.222	4.952E-4	-7.082E-4
38.253	6.755E-4	-5.994E-4
38.285	7.767E-4	-4.326E-4
38.317	6.551E-4	-2.621E-4
38.348	4.425E-4	-7.926E-5
38.380	4.713E-4	1.166E-4
38.412	7.946E-4	5.029E-4
38.443	1.204E-3	6.906E-4
38.475	1.734E-3	9.123E-4
38.507	2.289E-3	1.176E-3
38.538	2.520E-3	1.119E-3
38.570	2.550E-3	1.144E-3
38.602	2.290E-3	1.243E-3
38.633	1.790E-3	1.187E-3
38.665	1.542E-3	1.194E-3
38.697	1.672E-3	1.528E-3
38.728	1.617E-3	1.475E-3
38.760	1.647E-3	1.247E-3
38.792	1.872E-3	1.095E-3
38.823	2.118E-3	8.386E-4
38.855	2.210E-3	6.728E-4
38.887	1.732E-3	4.347E-4
38.918	9.786E-4	2.009E-4
38.950	2.159E-5	-8.779E-5
38.982	-8.384E-4	-3.224E-4
39.013	-6.493E-4	-5.486E-4
39.045	3.358E-4	-5.466E-4
39.077	1.020E-3	-4.277E-4
39.108	6.154E-4	-9.599E-4
39.140	6.152E-4	-7.371E-4
39.172	6.034E-4	-8.466E-4
39.203	-1.521E-4	-1.363E-3
39.235	6.603E-4	-1.393E-3
39.267	9.314E-4	-1.889E-3
39.298	9.470E-4	-2.325E-3
39.330	1.800E-3	-2.567E-3
39.362	1.968E-3	-2.623E-3
39.393	1.840E-3	-2.660E-3
39.425	1.888E-3	-2.540E-3
39.457	1.361E-3	-2.568E-3
39.488	7.983E-4	-2.566E-3
39.520	8.671E-4	-2.313E-3
39.552	7.957E-4	-2.165E-3
39.583	8.088E-4	-2.000E-3
39.615	8.343E-4	-1.758E-3
39.647	8.573E-4	-1.468E-3
39.678	6.645E-4	-1.108E-3
39.710	5.384E-4	-1.007E-3
39.742	8.193E-5	-8.941E-4
39.773	1.997E-4	-4.927E-4
39.805	3.151E-4	-4.646E-4
39.837	7.391E-4	-1.708E-4
39.868	6.233E-4	-5.353E-5
39.900	5.826E-4	1.951E-4
39.932	4.605E-4	4.031E-4
39.963	5.727E-4	5.777E-4
39.995	9.817E-4	8.044E-4
40.027	1.239E-3	8.960E-4
40.058	1.840E-3	1.074E-3
40.090	2.282E-3	1.244E-3
40.122	2.422E-3	1.323E-3
40.153	2.473E-3	1.419E-3
40.185	2.068E-3	1.445E-3
40.217	1.713E-3	1.438E-3
40.248	1.414E-3	1.496E-3
40.280	1.055E-3	1.306E-3
40.312	1.016E-3	1.116E-3
40.343	1.120E-3	1.074E-3
40.375	1.489E-3	9.230E-4
40.407	1.599E-3	7.572E-4
40.438	1.522E-3	5.256E-4
40.470	1.172E-3	3.807E-4
40.502	1.894E-4	6.543E-5
40.533	-7.278E-4	-2.558E-4
40.565	-1.064E-3	-4.710E-4
40.597	-5.885E-4	-4.982E-4
40.628	9.564E-4	-4.918E-4
40.660	1.053E-3	-5.769E-4
40.692	5.330E-4	-9.526E-4
40.723	-4.857E-5	-1.097E-3
40.755	-4.289E-4	-1.308E-3
40.787	-5.758E-4	-1.638E-3
40.818	3.807E-5	-1.822E-3
40.850	7.284E-4	-2.051E-3
40.882	1.199E-3	-2.221E-3
40.913	1.405E-3	-2.281E-3
40.945	1.318E-3	-2.392E-3
40.977	1.209E-3	-2.369E-3
41.008	2.012E-3	-1.987E-3
41.040	9.521E-4	-2.288E-3
41.072	9.657E-4	-2.108E-3
41.103	1.120E-3	-1.757E-3
41.135	7.429E-4	-1.909E-3
41.167	7.401E-4	-1.704E-3
41.198	8.798E-4	-1.567E-3
41.230	6.037E-4	-1.381E-3
41.262	2.014E-4	-1.106E-3
41.293	-6.735E-6	-1.077E-3
41.325	1.393E-4	-6.619E-4
41.357	2.650E-4	-4.192E-4
41.388	5.307E-4	-2.261E-4
41.420	6.955E-4	1.349E-6
41.452	6.266E-4	2.050E-4
41.483	4.813E-4	3.774E-4
41.515	5.296E-4	6.379E-4
41.547	7.891E-4	8.424E-4
41.578	1.271E-3	1.065E-3
41.610	1.558E-3	1.155E-3
41.642	2.035E-3	1.360E-3
41.673	1.875E-3	1.069E-3
41.705	2.658E-3	1.946E-3
41.737	1.765E-3	1.270E-3
41.768	1.425E-3	1.271E-3
41.800	1.780E-3	1.948E-3
41.832	1.737E-3	2.153E-3
41.863	1.715E-3	2.153E-3
41.895	1.950E-3	1.838E-3
41.927	2.128E-3	1.710E-3
41.958	1.927E-3	1.412E-3
41.990	2.020E-3	1.186E-3
42.022	1.720E-3	9.592E-4
42.053	1.004E-3	7.400E-4
42.085	9.276E-5	5.221E-4
42.117	-4.349E-4	2.858E-4
42.148	-3.065E-4	1.388E-4
42.180	3.822E-4	-7.132E-5
42.212	9.710E-4	-2.552E-4
42.243	9.731E-4	-3.924E-4
42.275	5.879E-4	-5.357E-4
42.307	-3.832E-5	-6.521E-4
42.338	-1.950E-4	-9.542E-4
42.370	2.270E-4	-1.211E-3
42.402	9.113E-4	-1.469E-3
42.433	1.484E-3	-1.720E-3
42.465	1.974E-3	-1.781E-3
42.497	2.110E-3	-1.938E-3
42.528	1.966E-3	-1.980E-3
42.560	1.785E-3	-1.904E-3
42.592	1.472E-3	-2.024E-3
42.623	1.202E-3	-1.810E-3
42.655	8.913E-4	-1.935E-3
42.687	9.459E-4	-1.671E-3
42.718	1.009E-3	-1.708E-3
42.750	1.029E-3	-1.584E-3
42.782	1.003E-3	-1.268E-3
42.813	8.175E-4	-9.677E-4
42.845	4.344E-4	-7.019E-4
42.877	3.041E-4	-7.105E-4
42.908	2.960E-4	-5.233E-4
42.940	4.772E-4	-3.180E-4
42.972	4.118E-4	-3.301E-4
43.003	4.131E-4	-9.620E-5
43.035	2.843E-4	1.202E-4
43.067	2.134E-4	3.808E-4
43.098	3.940E-4	6.077E-4
43.130	7.484E-4	7.172E-4
43.162	1.516E-3	1.104E-3
43.193	1.788E-3	1.153E-3
43.225	2.252E-3	1.353E-3
43.257	2.299E-3	1.446E-3
43.288	2.297E-3	1.423E-3
43.320	2.123E-3	1.505E-3
43.352	1.818E-3	1.613E-3
43.383	1.497E-3	1.530E-3
43.415	1.313E-3	1.426E-3
43.447	1.377E-3	1.418E-3
43.478	1.610E-3	1.268E-3
43.510	1.721E-3	1.191E-3
43.542	1.921E-3	1.020E-3
43.573	1.890E-3	7.601E-4
43.605	7.888E-4	3.806E-4
43.637	4.894E-5	2.344E-4
43.668	-6.784E-5	2.074E-4
43.700	-3.359E-4	-2.582E-5
43.732	2.067E-5	-2.011E-4
43.763	7.092E-4	-4.331E-4
43.795	9.873E-4	-6.066E-4
43.827	8.639E-4	-6.620E-4
43.858	3.704E-4	-8.465E-4
43.890	9.928E-6	-1.089E-3
43.922	8.357E-5	-1.360E-3
43.953	6.783E-4	-1.554E-3
43.985	1.411E-3	-1.768E-3
44.017	1.928E-3	-1.907E-3
44.048	2.171E-3	-2.137E-3
44.080	2.296E-3	-2.134E-3
44.112	1.942E-3	-2.255E-3
44.143	1.795E-3	-2.259E-3
44.175	1.403E-3	-2.246E-3
44.207	1.081E-3	-2.138E-3
44.238	3.840E-4	-2.230E-3
44.270	4.629E-4	-2.118E-3
44.302	6.886E-4	-1.912E-3
44.333	8.521E-4	-1.616E-3
44.365	4.740E-4	-1.384E-3
44.397	1.384E-4	-1.018E-3
44.428	-2.156E-4	-8.098E-4
44.460	-2.871E-4	-8.089E-4
44.492	-8.388E-5	-6.133E-4
44.523	1.667E-4	-4.933E-4
44.555	3.101E-4	-3.151E-4
44.587	3.981E-4	2.775E-5
44.618	2.476E-4	2.380E-4
44.650	7.667E-6	3.663E-4
44.682	3.168E-4	4.883E-4
44.713	8.235E-4	6.675E-4
44.745	1.429E-3	1.103E-3
44.777	1.539E-3	9.552E-4
44.808	2.340E-3	1.605E-3
44.840	1.930E-3	1.543E-3
44.872	1.872E-3	1.579E-3
44.903	1.414E-3	1.595E-3
44.935	1.130E-3	1.529E-3
44.967	7.186E-4	1.420E-3
44.998	7.263E-4	1.470E-3
45.030	8.596E-4	1.270E-3
45.062	1.268E-3	1.044E-3
45.093	1.482E-3	1.087E-3
45.125	1.407E-3	7.024E-4
45.157	1.891E-3	7.899E-4
45.188	1.450E-3	6.295E-4
45.220	6.317E-4	4.250E-4
45.252	-2.229E-4	1.068E-4
45.283	-1.059E-3	-3.382E-4
45.315	-7.854E-4	-4.846E-4
45.347	1.409E-4	-7.433E-4
45.378	9.421E-4	-6.033E-4
45.410	7.802E-4	-6.911E-4
45.442	6.430E-4	-8.590E-4
45.473	-5.985E-4	-1.530E-3
45.505	-2.962E-4	-1.762E-3
45.537	4.259E-4	-1.854E-3
45.568	1.186E-3	-2.002E-3
45.600	1.705E-3	-2.198E-3
45.632	1.761E-3	-2.389E-3
45.663	1.782E-3	-2.318E-3
45.695	1.574E-3	-2.197E-3
45.727	1.416E-3	-2.254E-3
45.758	8.200E-4	-2.244E-3
45.790	5.479E-4	-2.228E-3
45.822	3.788E-4	-2.169E-3
45.853	3.614E-4	-1.873E-3
45.885	3.589E-4	-1.638E-3
45.917	3.006E-4	-1.435E-3
45.948	-9.570E-5	-1.271E-3
45.980	-3.717E-4	-1.041E-3
46.012	-4.426E-4	-8.359E-4
46.043	-3.377E-4	-6.605E-4
46.075	-8.187E-6	-4.322E-4
46.107	4.632E-4	-1.448E-4
46.138	8.653E-4	8.384E-5
46.170	8.233E-4	2.892E-4
46.202	5.950E-4	4.617E-4
46.233	6.689E-4	7.780E-4
46.265	5.803E-4	1.096E-3
46.297	8.132E-4	1.326E-3
46.328	7.726E-4	1.648E-3
46.360	9.087E-4	1.742E-3
46.392	1.690E-3	2.349E-3
46.423	1.004E-3	2.808E-3
46.455	6.573E-4	2.669E-3
46.487	-1.072E-4	2.544E-3
46.518	-1.526E-3	2.791E-3
46.550	-2.469E-3	2.586E-3
46.582	-2.648E-3	2.417E-3
46.613	-2.083E-3	2.514E-3
