0.000	1.288E-3	1.197E-3
0.032	1.370E-3	1.199E-3
0.063	1.531E-3	1.252E-3
0.095	1.541E-3	1.259E-3
0.127	1.497E-3	1.292E-3
0.158	9.308E-4	1.116E-3
0.190	7.344E-4	1.118E-3
0.222	7.364E-4	1.114E-3
0.253	8.866E-4	1.138E-3
0.285	1.084E-3	1.143E-3
0.317	1.086E-3	1.149E-3
0.348	1.114E-3	1.146E-3
0.380	9.908E-4	1.196E-3
0.412	8.723E-4	1.177E-3
0.443	8.763E-4	1.179E-3
0.475	1.077E-3	1.203E-3
0.507	1.138E-3	1.229E-3
0.538	1.130E-3	1.221E-3
0.570	9.921E-4	1.225E-3
0.602	9.082E-4	1.232E-3
0.633	8.982E-4	1.278E-3
0.665	9.692E-4	1.278E-3
0.697	1.077E-3	1.305E-3
0.728	1.151E-3	1.304E-3
0.760	1.101E-3	1.308E-3
0.792	1.018E-3	1.306E-3
0.823	9.742E-4	1.332E-3
0.855	1.018E-3	1.303E-3
0.887	1.141E-3	1.303E-3
0.918	1.212E-3	1.271E-3
0.950	8.396E-4	1.234E-3
0.982	7.677E-4	1.273E-3
1.013	7.156E-4	1.246E-3
1.045	7.176E-4	1.249E-3
1.077	7.471E-4	1.213E-3
1.108	6.957E-4	1.171E-3
1.140	6.894E-4	1.173E-3
1.172	6.086E-4	1.169E-3
1.203	5.634E-4	1.173E-3
1.235	5.386E-4	1.167E-3
1.267	7.480E-4	1.170E-3
1.298	7.956E-4	1.176E-3
1.330	8.193E-4	1.161E-3
1.362	8.086E-4	1.156E-3
1.393	6.983E-4	1.137E-3
1.425	6.634E-4	1.142E-3
1.457	6.758E-4	1.118E-3
1.488	6.627E-4	1.111E-3
1.520	6.642E-4	1.109E-3
1.552	6.620E-4	1.106E-3
1.583	6.145E-4	1.108E-3
1.615	6.087E-4	1.114E-3
1.647	6.103E-4	1.106E-3
1.678	6.080E-4	1.107E-3
1.710	6.125E-4	1.078E-3
1.742	6.205E-4	1.082E-3
1.773	5.906E-4	1.089E-3
1.805	5.770E-4	1.092E-3
1.837	5.040E-4	1.067E-3
1.868	5.924E-4	1.063E-3
1.900	5.982E-4	1.047E-3
1.932	6.011E-4	1.049E-3
1.963	6.804E-4	1.010E-3
1.995	6.757E-4	9.902E-4
2.027	5.127E-4	8.502E-4
2.058	5.396E-4	8.553E-4
2.090	5.695E-4	8.512E-4
2.122	5.817E-4	8.315E-4
2.153	3.992E-4	8.797E-4
2.185	3.624E-4	8.797E-4
2.217	3.507E-4	8.890E-4
2.248	5.624E-4	8.634E-4
2.280	5.613E-4	8.597E-4
2.312	6.186E-4	8.618E-4
2.343	6.238E-4	8.609E-4
2.375	6.235E-4	8.604E-4
2.407	6.858E-4	9.306E-4
2.438	7.776E-4	9.644E-4
2.470	7.755E-4	9.652E-4
2.502	5.617E-4	8.503E-4
2.533	5.618E-4	8.537E-4
2.565	6.014E-4	8.529E-4
2.597	6.900E-4	9.588E-4
2.628	9.226E-4	1.104E-3
2.660	1.058E-3	1.253E-3
2.692	1.058E-3	1.288E-3
2.723	6.574E-4	1.075E-3
2.755	6.570E-4	1.159E-3
2.787	6.487E-4	1.165E-3
2.818	6.618E-4	1.177E-3
2.850	5.928E-4	7.824E-4
2.882	6.099E-4	7.961E-4
2.913	6.283E-4	8.200E-4
2.945	5.442E-4	1.028E-3
2.977	3.958E-4	1.062E-3
3.008	3.908E-4	1.091E-3
3.040	4.285E-4	1.084E-3
3.072	4.822E-4	1.106E-3
3.103	4.989E-4	1.084E-3
3.135	5.010E-4	1.091E-3
3.167	5.195E-4	1.083E-3
3.198	5.207E-4	1.099E-3
3.230	5.215E-4	1.070E-3
3.262	4.545E-4	1.081E-3
3.293	4.513E-4	1.080E-3
3.325	4.507E-4	1.081E-3
3.357	4.104E-4	1.044E-3
3.388	3.986E-4	1.054E-3
3.420	5.909E-4	1.150E-3
3.452	5.960E-4	1.199E-3
3.483	6.083E-4	1.183E-3
3.515	6.052E-4	1.189E-3
3.547	6.049E-4	1.189E-3
3.578	6.046E-4	1.189E-3
3.610	5.963E-4	1.177E-3
3.642	5.993E-4	1.172E-3
3.673	5.777E-4	1.202E-3
3.705	5.669E-4	1.177E-3
3.737	6.200E-4	1.175E-3
3.768	6.303E-4	1.187E-3
3.800	6.760E-4	1.194E-3
3.832	6.618E-4	1.084E-3
3.863	7.205E-4	1.078E-3
3.895	7.360E-4	1.057E-3
3.927	7.460E-4	1.055E-3
3.958	7.497E-4	1.053E-3
3.990	7.320E-4	1.092E-3
4.022	7.500E-4	1.045E-3
4.053	7.147E-4	1.077E-3
4.085	7.149E-4	1.077E-3
4.117	7.181E-4	1.106E-3
4.148	7.295E-4	1.005E-3
4.180	7.962E-4	1.081E-3
4.212	5.152E-4	1.008E-3
4.243	7.709E-4	1.223E-3
4.275	7.727E-4	1.247E-3
4.307	7.541E-4	1.316E-3
4.338	7.675E-4	1.329E-3
4.370	7.616E-4	1.378E-3
4.402	7.677E-4	1.347E-3
4.433	7.663E-4	1.324E-3
4.465	7.722E-4	1.307E-3
4.497	7.757E-4	1.320E-3
4.528	8.016E-4	1.311E-3
4.560	7.941E-4	1.270E-3
4.592	6.539E-4	1.229E-3
4.623	6.653E-4	1.136E-3
4.655	6.525E-4	1.096E-3
4.687	6.665E-4	1.001E-3
4.718	1.149E-3	9.834E-4
4.750	1.165E-3	9.228E-4
4.782	1.149E-3	9.589E-4
4.813	1.202E-3	9.269E-4
4.845	1.226E-3	8.973E-4
4.877	1.218E-3	8.924E-4
4.908	1.221E-3	8.782E-4
4.940	1.232E-3	9.032E-4
4.972	6.477E-4	8.001E-4
5.003	6.690E-4	8.480E-4
5.035	6.753E-4	9.071E-4
5.067	6.841E-4	1.002E-3
5.098	6.834E-4	1.117E-3
5.130	6.905E-4	1.196E-3
5.162	6.886E-4	1.304E-3
5.193	7.464E-4	1.370E-3
5.225	7.719E-4	1.424E-3
5.257	8.631E-4	1.507E-3
5.288	9.116E-4	1.579E-3
5.320	9.258E-4	1.654E-3
5.352	9.137E-4	1.671E-3
5.383	9.199E-4	1.640E-3
5.415	9.020E-4	1.633E-3
5.447	9.141E-4	1.617E-3
5.478	8.555E-4	1.522E-3
5.510	8.238E-4	1.406E-3
5.542	8.354E-4	1.270E-3
5.573	5.438E-4	9.241E-4
5.605	7.050E-4	8.920E-4
5.637	7.628E-4	8.374E-4
5.668	8.034E-4	6.821E-4
5.700	8.348E-4	6.511E-4
5.732	8.629E-4	6.467E-4
5.763	8.607E-4	5.393E-4
5.795	8.756E-4	4.912E-4
5.827	9.021E-4	4.895E-4
5.858	8.929E-4	4.774E-4
5.890	1.012E-3	6.663E-4
5.922	5.486E-4	4.760E-4
5.953	4.576E-4	5.383E-4
5.985	5.029E-4	7.048E-4
6.017	4.842E-4	8.285E-4
6.048	5.963E-4	9.433E-4
6.080	6.124E-4	1.108E-3
6.112	4.028E-4	1.133E-3
6.143	4.118E-4	1.276E-3
6.175	4.804E-4	1.423E-3
6.207	5.936E-4	1.488E-3
6.238	6.518E-4	1.565E-3
6.270	7.709E-4	1.626E-3
6.302	8.479E-4	1.618E-3
6.333	8.215E-4	1.608E-3
6.365	7.892E-4	1.578E-3
6.397	7.308E-4	1.520E-3
6.428	5.472E-4	1.363E-3
6.460	3.616E-4	1.258E-3
6.492	2.576E-4	1.088E-3
6.523	2.662E-4	9.603E-4
6.555	7.718E-4	9.373E-4
6.587	8.147E-4	7.176E-4
6.618	8.218E-4	6.043E-4
6.650	7.710E-4	3.912E-4
6.682	7.490E-4	3.913E-4
6.713	8.226E-4	2.754E-4
6.745	8.820E-4	2.037E-4
6.777	9.864E-4	1.493E-4
6.808	9.443E-4	2.160E-4
6.840	8.281E-4	2.750E-4
6.872	5.431E-4	3.695E-4
6.903	8.775E-4	5.369E-4
6.935	8.855E-4	7.034E-4
6.967	9.478E-4	8.237E-4
6.998	9.966E-4	1.048E-3
7.030	9.933E-4	1.180E-3
7.062	9.963E-4	1.339E-3
7.093	1.064E-3	1.447E-3
7.125	1.211E-3	1.597E-3
7.157	1.468E-3	1.847E-3
7.188	1.890E-3	2.178E-3
7.220	1.712E-3	2.146E-3
7.252	1.731E-3	2.084E-3
7.283	1.700E-3	2.085E-3
7.315	1.578E-3	1.951E-3
7.347	1.155E-3	1.830E-3
7.378	7.587E-4	1.693E-3
7.410	4.879E-4	1.492E-3
7.442	5.156E-4	1.254E-3
7.473	7.935E-4	1.105E-3
7.505	1.023E-3	8.478E-4
7.537	1.015E-3	7.125E-4
7.568	8.360E-4	4.984E-4
7.600	6.606E-4	3.346E-4
7.632	6.765E-4	3.342E-4
7.663	8.927E-4	2.111E-4
7.695	7.394E-4	-4.265E-5
7.727	9.100E-4	-4.723E-5
7.758	8.836E-4	-5.985E-6
7.790	6.345E-4	9.568E-5
7.822	2.907E-4	2.811E-4
7.853	1.656E-4	4.455E-4
7.885	3.784E-4	6.398E-4
7.917	6.121E-4	8.719E-4
7.948	6.622E-4	1.051E-3
7.980	6.023E-4	1.288E-3
8.012	3.257E-4	1.450E-3
8.043	2.550E-4	1.573E-3
8.075	4.348E-4	1.681E-3
8.107	7.776E-4	1.912E-3
8.138	1.231E-3	2.155E-3
8.170	1.638E-3	2.034E-3
8.202	1.810E-3	2.038E-3
8.233	1.670E-3	1.947E-3
8.265	1.430E-3	1.777E-3
8.297	1.177E-3	1.458E-3
8.328	5.021E-4	1.239E-3
8.360	8.597E-5	9.840E-4
8.392	1.991E-4	7.532E-4
8.423	6.754E-4	5.221E-4
8.455	1.054E-3	3.200E-4
8.487	9.284E-4	3.707E-5
8.518	4.570E-4	-1.338E-4
8.550	2.369E-4	-3.464E-4
8.582	3.443E-4	-4.758E-4
8.613	8.242E-4	-4.455E-4
8.645	1.290E-3	-5.004E-4
8.677	1.652E-3	-4.371E-4
8.708	1.601E-3	-2.670E-4
8.740	1.141E-3	-6.307E-5
8.772	5.084E-4	8.596E-5
8.803	5.967E-5	3.175E-4
8.835	2.772E-4	5.179E-4
8.867	7.357E-4	7.221E-4
8.898	9.884E-4	9.766E-4
8.930	9.358E-4	1.078E-3
8.962	6.872E-4	1.374E-3
8.993	5.020E-4	1.486E-3
9.025	6.125E-4	1.593E-3
9.057	9.978E-4	1.928E-3
9.088	1.730E-3	1.997E-3
9.120	2.770E-3	2.206E-3
9.152	3.059E-3	2.291E-3
9.183	3.121E-3	2.422E-3
9.215	2.295E-3	1.918E-3
9.247	2.021E-3	2.035E-3
9.278	9.736E-4	1.679E-3
9.310	5.626E-5	1.310E-3
9.342	2.563E-4	1.276E-3
9.373	3.163E-4	7.186E-4
9.405	1.255E-3	5.072E-4
9.437	1.249E-3	3.693E-4
9.468	6.310E-4	1.743E-5
9.500	2.243E-4	-1.481E-4
9.532	1.670E-4	-3.206E-4
9.563	3.493E-4	-4.168E-4
9.595	8.619E-4	-4.361E-4
9.627	1.312E-3	-3.854E-4
9.658	1.683E-3	-2.035E-4
9.690	1.717E-3	1.119E-4
9.722	9.875E-4	4.622E-4
9.753	3.282E-4	6.657E-4
9.785	1.742E-4	7.977E-4
9.817	6.915E-4	1.055E-3
9.848	1.296E-3	1.277E-3
9.880	1.491E-3	1.596E-3
9.912	1.364E-3	1.721E-3
9.943	1.049E-3	1.890E-3
9.975	9.050E-4	2.262E-3
10.007	9.426E-4	2.293E-3
10.038	1.371E-3	2.288E-3
10.070	1.938E-3	2.467E-3
10.102	2.274E-3	2.281E-3
10.133	2.399E-3	1.983E-3
10.165	2.343E-3	2.095E-3
10.197	1.712E-3	1.684E-3
10.228	1.006E-3	1.595E-3
10.260	-4.229E-5	1.382E-3
10.292	-2.474E-4	1.181E-3
10.323	4.322E-4	9.057E-4
10.355	1.372E-3	6.564E-4
10.387	1.765E-3	3.397E-4
10.418	1.615E-3	1.883E-4
10.450	4.761E-4	-4.279E-4
10.482	7.606E-5	-6.048E-4
10.513	3.597E-5	-5.343E-4
10.545	2.972E-4	-6.138E-4
10.577	6.311E-4	-5.456E-4
10.608	1.519E-3	-1.807E-4
10.640	1.752E-3	1.292E-4
10.672	1.107E-3	3.159E-4
10.703	2.501E-4	5.120E-4
10.735	-2.717E-4	7.444E-4
10.767	-2.606E-5	9.821E-4
10.798	7.133E-4	1.304E-3
10.830	1.056E-3	1.425E-3
10.862	1.401E-3	1.755E-3
10.893	1.863E-3	2.203E-3
10.925	1.753E-3	2.292E-3
10.957	1.761E-3	2.534E-3
10.988	1.820E-3	2.611E-3
11.020	1.890E-3	2.412E-3
11.052	2.102E-3	2.402E-3
11.083	1.872E-3	2.110E-3
11.115	1.999E-3	1.975E-3
11.147	1.667E-3	1.857E-3
11.178	9.294E-4	1.543E-3
11.210	2.477E-4	1.193E-3
11.242	-8.124E-5	8.447E-4
11.273	2.638E-4	5.886E-4
11.305	9.954E-4	2.486E-4
11.337	1.202E-3	-1.076E-5
11.368	1.284E-3	-9.490E-5
11.400	9.184E-4	-2.341E-4
11.432	4.318E-4	-6.078E-4
11.463	3.921E-4	-6.120E-4
11.495	5.087E-4	-5.585E-4
11.527	1.142E-3	-3.814E-4
11.558	1.196E-3	-3.556E-4
11.590	1.238E-3	-4.275E-5
11.622	8.885E-4	2.171E-4
11.653	5.308E-4	6.519E-4
11.685	-1.133E-4	7.339E-4
11.717	3.626E-4	1.172E-3
11.748	3.953E-4	1.414E-3
11.780	9.683E-4	1.457E-3
11.812	1.399E-3	1.856E-3
11.843	1.548E-3	2.173E-3
11.875	1.639E-3	2.208E-3
11.907	1.779E-3	2.432E-3
11.938	1.854E-3	2.578E-3
11.970	2.378E-3	2.697E-3
12.002	2.288E-3	2.464E-3
12.033	2.229E-3	2.405E-3
12.065	1.883E-3	2.059E-3
12.097	1.616E-3	1.934E-3
12.128	9.413E-4	1.662E-3
12.160	4.056E-4	1.335E-3
12.192	3.165E-4	1.028E-3
12.223	7.951E-4	7.389E-4
12.255	1.334E-3	4.317E-4
12.287	1.082E-3	-2.052E-4
12.318	9.588E-4	-4.331E-4
12.350	6.417E-4	-5.881E-4
12.382	4.694E-4	-6.754E-4
12.413	4.926E-4	-8.199E-4
12.445	6.619E-4	-6.800E-4
12.477	9.309E-4	-5.241E-4
12.508	1.170E-3	-3.197E-4
12.540	1.020E-3	-8.868E-6
12.572	5.929E-4	3.416E-4
12.603	6.728E-5	5.854E-4
12.635	-8.820E-5	8.782E-4
12.667	1.324E-4	1.112E-3
12.698	6.387E-4	1.458E-3
12.730	8.678E-4	1.609E-3
12.762	1.345E-3	1.950E-3
12.793	1.565E-3	2.286E-3
12.825	1.754E-3	2.461E-3
12.857	1.882E-3	2.579E-3
12.888	2.036E-3	2.607E-3
12.920	2.090E-3	2.530E-3
12.952	2.034E-3	2.340E-3
12.983	1.813E-3	2.164E-3
13.015	1.417E-3	1.821E-3
13.047	1.081E-3	1.604E-3
13.078	4.596E-4	1.303E-3
13.110	-1.336E-5	1.080E-3
13.142	-1.031E-5	7.146E-4
13.173	5.760E-4	5.082E-4
13.205	1.173E-3	1.886E-4
13.237	1.284E-3	-1.409E-4
13.268	1.069E-3	-4.748E-4
13.300	7.642E-4	-7.539E-4
13.332	6.671E-4	-7.385E-4
13.363	6.480E-4	-9.251E-4
13.395	8.200E-4	-7.578E-4
13.427	1.105E-3	-5.170E-4
13.458	1.295E-3	-2.464E-4
13.490	1.365E-3	1.969E-4
13.522	7.943E-4	4.257E-4
13.553	2.680E-4	7.885E-4
13.585	1.049E-4	9.086E-4
13.617	5.892E-4	1.236E-3
13.648	1.124E-3	1.623E-3
13.680	1.356E-3	1.740E-3
13.712	1.613E-3	2.085E-3
13.743	1.812E-3	2.458E-3
13.775	2.186E-3	2.687E-3
13.807	2.314E-3	2.693E-3
13.838	2.451E-3	2.890E-3
13.870	2.455E-3	2.695E-3
13.902	2.343E-3	2.441E-3
13.933	1.919E-3	2.146E-3
13.965	1.624E-3	1.893E-3
13.997	1.305E-3	1.689E-3
14.028	6.287E-4	1.399E-3
14.060	1.831E-4	1.066E-3
14.092	3.850E-4	8.620E-4
14.123	9.789E-4	4.750E-4
14.155	1.428E-3	1.422E-4
14.187	1.149E-3	-3.141E-4
14.218	1.569E-3	-2.376E-4
14.250	1.363E-3	-4.861E-4
14.282	1.312E-3	-6.062E-4
14.313	1.374E-3	-5.586E-4
14.345	9.465E-4	-8.644E-4
14.377	1.176E-3	-6.396E-4
14.408	1.836E-3	8.192E-5
14.440	1.762E-3	4.771E-4
14.472	9.284E-4	7.591E-4
14.503	4.958E-4	9.678E-4
14.535	5.660E-4	1.319E-3
14.567	1.107E-3	1.584E-3
14.598	1.659E-3	1.912E-3
14.630	1.828E-3	2.181E-3
14.662	2.086E-3	2.349E-3
14.693	2.309E-3	2.790E-3
14.725	1.859E-3	2.582E-3
14.757	2.049E-3	2.484E-3
14.788	2.042E-3	2.581E-3
14.820	2.461E-3	2.699E-3
14.852	2.286E-3	2.295E-3
14.883	1.997E-3	2.064E-3
14.915	1.526E-3	1.823E-3
14.947	1.212E-3	1.568E-3
14.978	5.137E-4	1.191E-3
15.010	1.702E-4	9.641E-4
15.042	4.521E-4	6.779E-4
15.073	1.032E-3	3.941E-4
15.105	1.517E-3	1.068E-4
15.137	1.533E-3	-2.542E-4
15.168	1.081E-3	-6.724E-4
15.200	1.229E-3	-8.166E-4
15.232	1.184E-3	-8.447E-4
15.263	1.208E-3	-8.770E-4
15.295	1.408E-3	-7.292E-4
15.327	1.584E-3	-4.117E-4
15.358	1.630E-3	-3.932E-5
15.390	1.288E-3	3.074E-4
15.422	6.249E-4	5.687E-4
15.453	2.639E-4	8.726E-4
15.485	4.168E-4	1.122E-3
15.517	5.846E-4	1.291E-3
15.548	1.410E-3	1.800E-3
15.580	1.623E-3	1.893E-3
15.612	1.592E-3	2.152E-3
15.643	1.938E-3	2.493E-3
15.675	2.126E-3	2.539E-3
15.707	2.247E-3	2.685E-3
15.738	2.213E-3	2.689E-3
15.770	1.954E-3	2.377E-3
15.802	1.922E-3	2.257E-3
15.833	1.696E-3	2.000E-3
15.865	1.385E-3	1.652E-3
15.897	1.165E-3	1.611E-3
15.928	4.976E-4	1.220E-3
15.960	1.875E-4	8.864E-4
15.992	4.216E-4	5.399E-4
16.023	1.002E-3	2.182E-4
16.055	1.552E-3	-4.117E-5
16.087	1.511E-3	-4.625E-4
16.118	1.465E-3	-6.997E-4
16.150	1.380E-3	-7.335E-4
16.182	1.380E-3	-7.908E-4
16.213	1.554E-3	-7.043E-4
16.245	1.593E-3	-6.067E-4
16.277	1.739E-3	-4.043E-4
16.308	1.597E-3	-1.204E-4
16.340	1.104E-3	2.872E-4
16.372	3.682E-4	5.658E-4
16.403	1.318E-4	8.338E-4
16.435	4.831E-4	1.199E-3
16.467	9.593E-4	1.489E-3
16.498	1.344E-3	1.858E-3
16.530	1.567E-3	1.973E-3
16.562	1.779E-3	2.340E-3
16.593	1.869E-3	2.492E-3
16.625	2.403E-3	2.811E-3
16.657	2.485E-3	2.892E-3
16.688	2.565E-3	2.831E-3
16.720	2.496E-3	2.582E-3
16.752	2.356E-3	2.398E-3
16.783	1.696E-3	1.883E-3
16.815	1.210E-3	1.597E-3
16.847	8.680E-4	1.482E-3
16.878	1.419E-4	1.050E-3
16.910	8.137E-5	8.212E-4
16.942	5.997E-4	4.525E-4
16.973	1.057E-3	4.400E-5
17.005	1.307E-3	-3.432E-4
17.037	1.401E-3	-6.462E-4
17.068	1.472E-3	-6.468E-4
17.100	1.059E-3	-9.321E-4
17.132	1.060E-3	-1.069E-3
17.163	1.150E-3	-8.947E-4
17.195	1.415E-3	-7.583E-4
17.227	1.544E-3	-4.674E-4
17.258	1.466E-3	-6.933E-5
17.290	1.048E-3	4.848E-4
17.322	4.491E-4	8.094E-4
17.353	3.972E-4	1.143E-3
17.385	7.983E-4	1.434E-3
17.417	1.373E-3	1.801E-3
17.448	1.789E-3	2.051E-3
17.480	1.971E-3	2.350E-3
17.512	1.903E-3	2.280E-3
17.543	2.044E-3	2.460E-3
17.575	2.318E-3	2.868E-3
17.607	2.401E-3	2.758E-3
17.638	2.356E-3	2.573E-3
17.670	2.159E-3	2.463E-3
17.702	1.982E-3	2.032E-3
17.733	1.692E-3	1.743E-3
17.765	1.196E-3	1.542E-3
17.797	9.221E-4	1.222E-3
17.828	2.944E-4	9.614E-4
17.860	2.775E-4	6.269E-4
17.892	8.099E-4	3.547E-4
17.923	1.310E-3	-4.341E-6
17.955	1.531E-3	-3.896E-4
17.987	1.747E-3	-4.626E-4
18.018	1.691E-3	-7.032E-4
18.050	1.684E-3	-8.160E-4
18.082	1.765E-3	-8.159E-4
18.113	1.836E-3	-7.824E-4
18.145	1.964E-3	-5.531E-4
18.177	2.038E-3	-1.905E-4
18.208	1.255E-3	2.736E-5
18.240	7.435E-4	3.940E-4
18.272	1.688E-4	6.832E-4
18.303	2.697E-4	9.452E-4
18.335	8.766E-4	1.319E-3
18.367	1.296E-3	1.598E-3
18.398	1.697E-3	1.888E-3
18.430	1.856E-3	2.142E-3
18.462	2.081E-3	2.325E-3
18.493	2.258E-3	2.597E-3
18.525	2.430E-3	2.757E-3
18.557	2.489E-3	2.671E-3
18.588	2.381E-3	2.585E-3
18.620	2.259E-3	2.402E-3
18.652	2.018E-3	1.993E-3
18.683	1.612E-3	1.648E-3
18.715	1.065E-3	1.419E-3
18.747	7.681E-4	1.198E-3
18.778	2.845E-4	7.927E-4
18.810	3.606E-4	4.819E-4
18.842	8.779E-4	2.554E-4
18.873	1.404E-3	-1.484E-4
18.905	1.621E-3	-3.709E-4
18.937	1.685E-3	-6.410E-4
18.968	1.533E-3	-1.007E-3
19.000	1.536E-3	-1.095E-3
19.032	1.632E-3	-9.518E-4
19.063	1.691E-3	-9.595E-4
19.095	1.803E-3	-7.000E-4
19.127	1.727E-3	-2.511E-4
19.158	1.309E-3	1.362E-4
19.190	8.036E-4	5.895E-4
19.222	2.801E-4	7.676E-4
19.253	4.953E-4	1.102E-3
19.285	8.299E-4	1.316E-3
19.317	1.535E-3	1.607E-3
19.348	1.905E-3	2.054E-3
19.380	2.028E-3	2.180E-3
19.412	2.231E-3	2.466E-3
19.443	2.553E-3	2.693E-3
19.475	2.722E-3	2.689E-3
19.507	2.837E-3	2.805E-3
19.538	2.743E-3	2.645E-3
19.570	2.696E-3	2.433E-3
19.602	2.378E-3	2.008E-3
19.633	1.999E-3	1.835E-3
19.665	1.394E-3	1.464E-3
19.697	1.094E-3	1.287E-3
19.728	5.722E-4	9.921E-4
19.760	9.063E-4	6.826E-4
19.792	1.535E-3	3.389E-4
19.823	2.021E-3	-1.985E-5
19.855	2.232E-3	-3.510E-4
19.887	1.537E-3	-9.440E-4
19.918	1.602E-3	-1.104E-3
19.950	1.689E-3	-1.124E-3
19.982	2.014E-3	-1.075E-3
20.013	2.095E-3	-9.604E-4
20.045	2.243E-3	-5.912E-4
20.077	1.945E-3	-3.288E-4
20.108	1.454E-3	1.147E-4
20.140	3.451E-4	4.206E-4
20.172	1.318E-4	7.376E-4
20.203	5.950E-4	1.113E-3
20.235	1.375E-3	1.400E-3
20.267	1.564E-3	1.751E-3
20.298	2.283E-3	2.175E-3
20.330	2.298E-3	2.315E-3
20.362	2.545E-3	2.583E-3
20.393	2.506E-3	2.602E-3
20.425	2.649E-3	2.635E-3
20.457	2.689E-3	2.667E-3
20.488	2.353E-3	2.374E-3
20.520	2.288E-3	2.151E-3
20.552	2.497E-3	2.204E-3
20.583	2.053E-3	1.956E-3
20.615	1.814E-3	1.564E-3
20.647	6.869E-4	1.311E-3
20.678	3.977E-4	9.396E-4
20.710	1.592E-4	3.309E-4
20.742	9.152E-4	1.030E-4
20.773	2.035E-3	7.218E-5
20.805	2.365E-3	-2.634E-4
20.837	2.365E-3	-4.466E-4
20.868	2.112E-3	-8.355E-4
20.900	1.943E-3	-1.070E-3
20.932	2.402E-3	-6.587E-4
20.963	2.442E-3	-5.350E-4
20.995	2.364E-3	-3.930E-4
21.027	2.127E-3	-5.617E-6
21.058	1.677E-3	4.044E-4
21.090	2.532E-4	3.945E-4
21.122	3.242E-4	7.283E-4
21.153	8.422E-4	1.076E-3
21.185	1.395E-3	1.574E-3
21.217	1.836E-3	1.885E-3
21.248	1.878E-3	2.063E-3
21.280	2.141E-3	2.264E-3
21.312	2.420E-3	2.490E-3
21.343	2.819E-3	2.747E-3
21.375	2.968E-3	2.745E-3
21.407	2.895E-3	2.716E-3
21.438	2.754E-3	2.518E-3
21.470	2.429E-3	2.145E-3
21.502	1.965E-3	1.838E-3
21.533	1.378E-3	1.456E-3
21.565	6.465E-4	1.117E-3
21.597	4.660E-4	9.330E-4
21.628	4.247E-4	6.235E-4
21.660	9.551E-4	3.919E-4
21.692	1.634E-3	4.676E-5
21.723	1.843E-3	-2.993E-4
21.755	2.058E-3	-7.256E-4
21.787	2.006E-3	-9.557E-4
21.818	2.017E-3	-9.826E-4
21.850	2.138E-3	-1.014E-3
21.882	2.255E-3	-8.948E-4
21.913	2.251E-3	-7.222E-4
21.945	2.266E-3	-3.283E-4
21.977	1.594E-3	-8.890E-5
22.008	8.353E-4	2.709E-4
22.040	3.971E-4	5.394E-4
22.072	1.963E-4	8.164E-4
22.103	5.862E-4	1.176E-3
22.135	1.866E-3	1.769E-3
22.167	2.873E-3	2.172E-3
22.198	2.739E-3	2.355E-3
22.230	2.759E-3	2.523E-3
22.262	2.884E-3	2.674E-3
22.293	2.858E-3	2.758E-3
22.325	2.857E-3	2.759E-3
22.357	2.795E-3	2.575E-3
22.388	2.602E-3	2.494E-3
22.420	2.383E-3	2.225E-3
22.452	2.013E-3	1.738E-3
22.483	1.415E-3	1.483E-3
22.515	7.875E-4	1.204E-3
22.547	3.348E-4	8.824E-4
22.578	2.078E-4	5.015E-4
22.610	8.156E-4	1.704E-4
22.642	1.677E-3	1.148E-4
22.673	1.834E-3	-3.220E-4
22.705	1.898E-3	-4.423E-4
22.737	1.627E-3	-9.303E-4
22.768	1.532E-3	-1.079E-3
22.800	1.560E-3	-9.619E-4
22.832	1.625E-3	-7.798E-4
22.863	1.584E-3	-7.016E-4
22.895	1.540E-3	-3.281E-4
22.927	1.190E-3	5.944E-5
22.958	5.721E-4	3.903E-4
22.990	-7.037E-5	5.437E-4
23.022	2.108E-5	8.883E-4
23.053	5.614E-4	1.234E-3
23.085	1.084E-3	1.636E-3
23.117	1.469E-3	1.937E-3
23.148	1.767E-3	2.315E-3
23.180	1.865E-3	2.403E-3
23.212	2.103E-3	2.651E-3
23.243	2.219E-3	2.626E-3
23.275	2.208E-3	2.659E-3
23.307	2.038E-3	2.552E-3
23.338	1.757E-3	2.209E-3
23.370	1.473E-3	1.891E-3
23.402	1.108E-3	1.584E-3
23.433	6.097E-4	1.190E-3
23.465	7.245E-4	1.274E-3
23.497	5.533E-4	9.272E-4
23.528	6.477E-4	8.284E-4
23.560	1.098E-3	4.761E-4
23.592	1.622E-3	1.386E-4
23.623	1.719E-3	-3.217E-4
23.655	1.774E-3	-6.702E-4
23.687	1.783E-3	-9.076E-4
23.718	1.691E-3	-9.839E-4
23.750	1.774E-3	-8.947E-4
23.782	1.866E-3	-7.332E-4
23.813	1.757E-3	-4.973E-4
23.845	1.637E-3	-2.076E-4
23.877	1.150E-3	1.346E-4
23.908	5.648E-4	3.983E-4
23.940	3.603E-4	8.001E-4
23.972	5.703E-4	9.699E-4
24.003	9.719E-4	1.344E-3
24.035	1.384E-3	1.798E-3
24.067	1.650E-3	2.093E-3
24.098	2.131E-3	2.341E-3
24.130	2.372E-3	2.699E-3
24.162	2.479E-3	2.625E-3
24.193	2.652E-3	2.799E-3
24.225	2.714E-3	2.870E-3
24.257	2.351E-3	2.433E-3
24.288	2.304E-3	2.312E-3
24.320	2.092E-3	2.236E-3
24.352	1.632E-3	1.801E-3
24.383	1.049E-3	1.405E-3
24.415	6.058E-4	1.047E-3
24.447	6.522E-4	8.195E-4
24.478	8.793E-4	7.949E-4
24.510	1.441E-3	3.886E-4
24.542	1.848E-3	5.398E-6
24.573	1.932E-3	-4.471E-4
24.605	1.877E-3	-7.389E-4
24.637	1.796E-3	-8.021E-4
24.668	1.903E-3	-8.848E-4
24.700	2.020E-3	-8.833E-4
24.732	2.159E-3	-5.870E-4
24.763	2.179E-3	-7.167E-5
24.795	1.817E-3	-2.134E-4
24.827	1.312E-3	2.267E-4
24.858	6.483E-4	6.015E-4
24.890	4.199E-4	8.579E-4
24.922	7.408E-4	1.197E-3
24.953	1.427E-3	1.572E-3
24.985	1.916E-3	2.004E-3
25.017	2.083E-3	2.268E-3
25.048	2.255E-3	2.502E-3
25.080	2.308E-3	2.681E-3
25.112	2.390E-3	2.685E-3
25.143	2.462E-3	2.776E-3
25.175	2.508E-3	2.654E-3
25.207	2.445E-3	2.483E-3
25.238	2.294E-3	2.231E-3
25.270	2.098E-3	1.887E-3
25.302	1.516E-3	1.572E-3
25.333	7.902E-4	1.147E-3
25.365	3.476E-4	8.482E-4
25.397	4.433E-4	5.743E-4
25.428	7.113E-4	3.369E-4
25.460	1.418E-3	6.017E-5
25.492	1.795E-3	-2.930E-4
25.523	1.833E-3	-6.427E-4
25.555	1.734E-3	-8.922E-4
25.587	1.965E-3	-7.171E-4
25.618	1.976E-3	-7.519E-4
25.650	2.052E-3	-6.877E-4
25.682	2.016E-3	-4.470E-4
25.713	1.913E-3	-8.764E-5
25.745	1.744E-3	2.422E-5
25.777	1.144E-3	4.534E-4
25.808	5.637E-4	7.151E-4
25.840	5.025E-4	1.063E-3
25.872	7.689E-4	1.310E-3
25.903	1.123E-3	1.573E-3
25.935	1.467E-3	1.889E-3
25.967	1.809E-3	2.170E-3
25.998	2.009E-3	2.578E-3
26.030	2.147E-3	2.669E-3
26.062	2.265E-3	2.749E-3
26.093	2.292E-3	2.747E-3
26.125	2.257E-3	2.583E-3
26.157	2.531E-3	2.825E-3
26.188	2.228E-3	2.446E-3
26.220	1.920E-3	2.093E-3
26.252	1.389E-3	1.703E-3
26.283	7.849E-4	1.360E-3
26.315	2.898E-5	7.932E-4
26.347	2.543E-4	4.488E-4
26.378	5.434E-4	2.661E-4
26.410	1.057E-3	-6.968E-5
26.442	1.785E-3	-1.870E-4
26.473	1.865E-3	-4.382E-4
26.505	1.902E-3	-6.476E-4
26.537	1.580E-3	-1.131E-3
26.568	1.766E-3	-1.038E-3
26.600	2.221E-3	-5.317E-4
26.632	1.791E-3	-5.670E-4
26.663	1.891E-3	4.411E-5
26.695	1.791E-3	4.443E-4
26.727	7.681E-4	5.064E-4
26.758	3.435E-4	8.754E-4
26.790	4.534E-4	1.142E-3
26.822	1.002E-3	1.427E-3
26.853	1.637E-3	1.829E-3
26.885	1.867E-3	2.028E-3
26.917	2.112E-3	2.518E-3
26.948	2.433E-3	2.720E-3
26.980	2.641E-3	2.777E-3
27.012	2.702E-3	2.887E-3
27.043	2.763E-3	2.829E-3
27.075	2.729E-3	2.834E-3
27.107	2.577E-3	2.640E-3
27.138	2.382E-3	2.281E-3
27.170	2.040E-3	2.049E-3
27.202	1.183E-3	1.424E-3
27.233	5.783E-4	1.138E-3
27.265	3.189E-4	7.908E-4
27.297	7.709E-4	5.060E-4
27.328	1.157E-3	2.978E-4
27.360	1.761E-3	-4.813E-5
27.392	1.973E-3	-3.811E-4
27.423	1.968E-3	-7.511E-4
27.455	1.903E-3	-1.049E-3
27.487	1.944E-3	-1.043E-3
27.518	2.007E-3	-9.297E-4
27.550	2.074E-3	-8.722E-4
27.582	2.257E-3	-5.242E-4
27.613	1.932E-3	-9.921E-5
27.645	1.641E-3	7.645E-5
27.677	9.122E-4	5.060E-4
27.708	6.249E-4	8.536E-4
27.740	9.520E-4	1.219E-3
27.772	1.621E-3	1.578E-3
27.803	2.120E-3	1.831E-3
27.835	2.470E-3	2.203E-3
27.867	2.650E-3	2.485E-3
27.898	2.653E-3	2.730E-3
27.930	2.765E-3	2.802E-3
27.962	2.815E-3	2.865E-3
27.993	2.819E-3	2.810E-3
28.025	2.844E-3	2.686E-3
28.057	2.751E-3	2.487E-3
28.088	2.428E-3	2.118E-3
28.120	2.081E-3	1.775E-3
28.152	1.434E-3	1.433E-3
28.183	8.305E-4	1.138E-3
28.215	6.981E-4	8.770E-4
28.247	1.188E-3	5.363E-4
28.278	1.532E-3	3.026E-4
28.310	2.067E-3	-9.731E-5
28.342	2.465E-3	-4.405E-4
28.373	2.395E-3	-7.478E-4
28.405	2.412E-3	-9.502E-4
28.437	2.406E-3	-9.800E-4
28.468	2.532E-3	-9.116E-4
28.500	2.576E-3	-6.671E-4
28.532	2.407E-3	-2.953E-4
28.563	1.993E-3	1.478E-4
28.595	1.675E-3	3.071E-4
28.627	6.096E-4	3.569E-4
28.658	4.009E-4	6.511E-4
28.690	6.021E-4	1.171E-3
28.722	1.195E-3	1.493E-3
28.753	1.656E-3	1.862E-3
28.785	1.961E-3	2.086E-3
28.817	2.120E-3	2.402E-3
28.848	2.348E-3	2.690E-3
28.880	2.771E-3	2.841E-3
28.912	2.810E-3	2.921E-3
28.943	2.745E-3	2.781E-3
28.975	2.554E-3	2.637E-3
29.007	1.990E-3	2.258E-3
29.038	1.645E-3	1.811E-3
29.070	1.161E-3	1.453E-3
29.102	5.112E-4	1.078E-3
29.133	7.767E-4	1.171E-3
29.165	8.030E-4	7.986E-4
29.197	5.578E-4	3.173E-4
29.228	8.323E-4	1.130E-4
29.260	1.892E-3	-3.219E-4
29.292	2.595E-3	-2.151E-4
29.323	2.349E-3	-7.800E-4
29.355	1.884E-3	-1.135E-3
29.387	2.301E-3	-1.104E-3
29.418	2.434E-3	-9.315E-4
29.450	2.154E-3	-7.860E-4
29.482	2.023E-3	-4.349E-4
29.513	1.907E-3	1.437E-4
29.545	1.490E-3	3.671E-4
29.577	8.317E-4	8.525E-4
29.608	6.854E-4	1.143E-3
29.640	1.236E-3	1.428E-3
29.672	1.921E-3	1.716E-3
29.703	2.387E-3	1.880E-3
29.735	2.657E-3	2.385E-3
29.767	2.787E-3	2.632E-3
29.798	2.811E-3	2.612E-3
29.830	2.738E-3	2.860E-3
29.862	2.806E-3	2.723E-3
29.893	2.810E-3	2.805E-3
29.925	2.852E-3	2.634E-3
29.957	2.677E-3	2.203E-3
29.988	2.402E-3	1.919E-3
30.020	1.847E-3	1.678E-3
30.052	1.120E-3	1.406E-3
30.083	6.568E-4	1.019E-3
30.115	8.201E-4	7.654E-4
30.147	1.575E-3	3.336E-4
30.178	1.762E-3	1.065E-4
30.210	2.301E-3	-1.534E-4
30.242	2.497E-3	-5.569E-4
30.273	2.454E-3	-9.251E-4
30.305	2.518E-3	-1.015E-3
30.337	2.588E-3	-9.081E-4
30.368	1.857E-3	-1.018E-3
30.400	1.872E-3	-8.501E-4
30.432	1.850E-3	-3.167E-4
30.463	1.462E-3	1.615E-4
30.495	1.064E-3	2.747E-4
30.527	5.281E-4	6.058E-4
30.558	2.328E-4	9.132E-4
30.590	8.805E-4	1.336E-3
30.622	1.516E-3	1.687E-3
30.653	2.018E-3	1.969E-3
30.685	2.319E-3	2.320E-3
30.717	2.629E-3	2.759E-3
30.748	2.740E-3	2.789E-3
30.780	2.779E-3	2.783E-3
30.812	2.850E-3	2.804E-3
30.843	2.866E-3	2.692E-3
30.875	2.719E-3	2.640E-3
30.907	1.828E-3	2.058E-3
30.938	1.425E-3	1.656E-3
30.970	8.400E-4	1.316E-3
31.002	6.440E-4	1.153E-3
31.033	4.116E-4	8.960E-4
31.065	8.278E-4	7.370E-4
31.097	1.057E-3	1.019E-4
31.128	1.298E-3	-2.043E-4
31.160	1.636E-3	-5.626E-4
31.192	1.701E-3	-7.616E-4
31.223	1.658E-3	-1.053E-3
31.255	1.666E-3	-1.245E-3
31.287	1.720E-3	-1.185E-3
31.318	1.828E-3	-9.095E-4
31.350	1.694E-3	-6.149E-4
31.382	1.517E-3	-2.344E-4
31.413	9.399E-4	1.423E-4
31.445	5.271E-4	3.545E-4
31.477	3.137E-5	5.684E-4
31.508	1.764E-4	8.573E-4
31.540	7.460E-4	1.125E-3
31.572	1.588E-3	1.562E-3
31.603	1.933E-3	2.000E-3
31.635	2.116E-3	2.205E-3
31.667	2.323E-3	2.546E-3
31.698	2.321E-3	2.751E-3
31.730	2.280E-3	2.700E-3
31.762	2.708E-3	2.833E-3
31.793	2.769E-3	2.665E-3
31.825	1.926E-3	2.301E-3
31.857	1.677E-3	2.094E-3
31.888	1.923E-3	1.742E-3
31.920	1.504E-3	1.437E-3
31.952	7.624E-4	1.054E-3
31.983	5.571E-4	7.144E-4
32.015	9.361E-4	4.552E-4
32.047	1.481E-3	1.153E-4
32.078	1.737E-3	-1.433E-4
32.110	1.964E-3	-5.753E-4
32.142	2.022E-3	-8.327E-4
32.173	1.412E-3	-1.074E-3
32.205	1.396E-3	-1.159E-3
32.237	1.545E-3	-1.166E-3
32.268	1.613E-3	-8.981E-4
32.300	1.533E-3	-5.012E-4
32.332	1.220E-3	-1.257E-4
32.363	6.642E-4	1.930E-4
32.395	4.513E-4	3.746E-4
32.427	1.973E-4	7.709E-4
32.458	4.650E-4	1.032E-3
32.490	9.655E-4	1.410E-3
32.522	1.466E-3	1.627E-3
32.553	1.771E-3	2.023E-3
32.585	2.062E-3	2.342E-3
32.617	2.315E-3	2.545E-3
32.648	2.517E-3	2.675E-3
32.680	2.580E-3	2.723E-3
32.712	2.574E-3	2.664E-3
32.743	2.482E-3	2.547E-3
32.775	2.311E-3	2.288E-3
32.807	2.000E-3	1.952E-3
32.838	1.650E-3	1.666E-3
32.870	1.040E-3	1.372E-3
32.902	5.328E-4	1.031E-3
32.933	5.286E-4	7.709E-4
32.965	1.151E-3	4.399E-4
32.997	1.735E-3	1.694E-5
33.028	1.911E-3	-9.102E-5
33.060	2.165E-3	-4.365E-4
33.092	2.177E-3	-8.105E-4
33.123	2.206E-3	-1.050E-3
33.155	2.229E-3	-9.878E-4
33.187	2.317E-3	-8.684E-4
33.218	1.806E-3	-9.264E-4
33.250	1.701E-3	-5.573E-4
33.282	1.364E-3	-1.433E-4
33.313	8.184E-4	3.684E-4
33.345	5.633E-4	4.537E-4
33.377	1.507E-4	7.579E-4
33.408	5.382E-4	1.145E-3
33.440	1.294E-3	1.571E-3
33.472	1.814E-3	1.968E-3
33.503	2.046E-3	2.335E-3
33.535	2.266E-3	2.516E-3
33.567	2.433E-3	2.723E-3
33.598	2.620E-3	2.908E-3
33.630	2.662E-3	2.864E-3
33.662	2.675E-3	2.851E-3
33.693	2.559E-3	2.652E-3
33.725	2.369E-3	2.385E-3
33.757	1.983E-3	2.001E-3
33.788	1.423E-3	1.599E-3
33.820	7.375E-4	1.223E-3
33.852	1.118E-4	8.553E-4
33.883	2.545E-4	5.690E-4
33.915	8.407E-4	1.586E-4
33.947	1.423E-3	-1.579E-4
33.978	1.603E-3	-4.040E-4
34.010	1.765E-3	-7.831E-4
34.042	1.769E-3	-9.860E-4
34.073	1.772E-3	-1.065E-3
34.105	1.749E-3	-1.148E-3
34.137	1.798E-3	-1.007E-3
34.168	1.945E-3	-7.211E-4
34.200	1.446E-3	-3.656E-4
34.232	9.844E-4	-1.226E-5
34.263	3.884E-4	3.149E-4
34.295	3.258E-4	4.089E-4
34.327	3.172E-4	7.574E-4
34.358	7.020E-4	1.093E-3
34.390	1.212E-3	1.482E-3
34.422	1.545E-3	1.784E-3
34.453	1.760E-3	2.038E-3
34.485	1.875E-3	2.452E-3
34.517	2.168E-3	2.602E-3
34.548	2.335E-3	2.682E-3
34.580	2.328E-3	2.713E-3
34.612	2.187E-3	2.601E-3
34.643	1.977E-3	2.430E-3
34.675	2.340E-3	2.181E-3
34.707	1.266E-3	1.823E-3
34.738	1.434E-3	1.545E-3
34.770	9.062E-4	1.233E-3
34.802	6.282E-4	9.083E-4
34.833	8.108E-4	5.047E-4
34.865	8.907E-4	9.876E-5
34.897	1.594E-3	-2.963E-4
34.928	1.586E-3	-4.361E-4
34.960	1.609E-3	-8.078E-4
34.992	1.623E-3	-1.016E-3
35.023	1.580E-3	-1.070E-3
35.055	1.448E-3	-1.052E-3
35.087	1.574E-3	-9.272E-4
35.118	1.549E-3	-6.100E-4
35.150	1.485E-3	-1.649E-4
35.182	9.841E-4	1.514E-4
35.213	3.449E-4	5.067E-4
35.245	1.831E-4	6.010E-4
35.277	3.182E-4	9.569E-4
35.308	7.174E-4	1.317E-3
35.340	1.211E-3	1.706E-3
35.372	1.557E-3	2.003E-3
35.403	1.690E-3	2.251E-3
35.435	2.249E-3	2.737E-3
35.467	2.426E-3	2.896E-3
35.498	2.547E-3	2.835E-3
35.530	2.499E-3	2.829E-3
35.562	2.268E-3	2.584E-3
35.593	2.116E-3	2.435E-3
35.625	1.914E-3	2.145E-3
35.657	1.526E-3	1.744E-3
35.688	9.677E-4	1.374E-3
35.720	3.971E-4	1.054E-3
35.752	1.935E-4	7.966E-4
35.783	4.855E-4	4.771E-4
35.815	1.046E-3	8.077E-5
35.847	1.386E-3	-2.939E-4
35.878	1.532E-3	-3.916E-4
35.910	1.701E-3	-6.379E-4
35.942	1.569E-3	-8.174E-4
35.973	1.352E-3	-9.559E-4
36.005	1.338E-3	-8.956E-4
36.037	1.342E-3	-7.538E-4
36.068	1.440E-3	-3.623E-4
36.100	1.260E-3	-3.763E-5
36.132	8.353E-4	3.424E-4
36.163	3.595E-4	6.855E-4
36.195	2.111E-4	7.479E-4
36.227	1.391E-4	1.023E-3
36.258	5.459E-4	1.399E-3
36.290	1.009E-3	1.769E-3
36.322	1.353E-3	2.150E-3
36.353	1.689E-3	2.453E-3
36.385	1.996E-3	2.784E-3
36.417	2.346E-3	2.889E-3
36.448	2.289E-3	2.860E-3
36.480	2.103E-3	2.751E-3
36.512	2.017E-3	2.631E-3
36.543	1.743E-3	2.489E-3
36.575	1.458E-3	2.121E-3
36.607	1.109E-3	1.689E-3
36.638	6.513E-4	1.369E-3
36.670	2.035E-4	1.055E-3
36.702	1.472E-4	7.630E-4
36.733	4.802E-4	4.254E-4
36.765	9.871E-4	1.471E-4
36.797	1.265E-3	-2.607E-4
36.828	1.328E-3	-5.525E-4
36.860	1.330E-3	-7.592E-4
36.892	1.340E-3	-9.067E-4
36.923	1.390E-3	-1.012E-3
36.955	1.390E-3	-9.817E-4
36.987	1.482E-3	-6.363E-4
37.018	1.537E-3	-3.480E-4
37.050	1.199E-3	-3.253E-5
37.082	5.937E-4	2.754E-4
37.113	1.684E-4	5.939E-4
37.145	1.156E-4	9.093E-4
37.177	3.998E-4	1.199E-3
37.208	1.002E-3	1.568E-3
37.240	1.467E-3	1.916E-3
37.272	1.837E-3	2.318E-3
37.303	2.178E-3	2.782E-3
37.335	2.122E-3	2.692E-3
37.367	2.136E-3	2.730E-3
37.398	2.154E-3	2.823E-3
37.430	2.394E-3	2.940E-3
37.462	2.283E-3	2.926E-3
37.493	2.017E-3	2.600E-3
37.525	1.795E-3	2.232E-3
37.557	1.169E-3	1.716E-3
37.588	6.197E-4	1.314E-3
37.620	3.620E-4	1.146E-3
37.652	4.563E-5	5.741E-4
37.683	4.717E-4	3.184E-4
37.715	8.877E-4	-6.061E-5
37.747	1.176E-3	-4.654E-4
37.778	1.208E-3	-6.210E-4
37.810	1.168E-3	-8.704E-4
37.842	1.001E-3	-9.815E-4
37.873	1.088E-3	-9.823E-4
37.905	1.196E-3	-8.654E-4
37.937	1.254E-3	-6.290E-4
37.968	1.222E-3	-2.631E-4
38.000	1.078E-3	1.687E-4
38.032	5.612E-4	5.124E-4
38.063	4.421E-4	1.036E-3
38.095	4.480E-4	1.205E-3
38.127	7.435E-4	1.489E-3
38.158	9.798E-4	1.654E-3
38.190	1.326E-3	1.972E-3
38.222	1.698E-3	2.370E-3
38.253	1.989E-3	2.573E-3
38.285	2.232E-3	2.810E-3
38.317	2.344E-3	2.892E-3
38.348	2.357E-3	2.833E-3
38.380	2.150E-3	2.665E-3
38.412	2.066E-3	2.604E-3
38.443	1.700E-3	2.257E-3
38.475	1.352E-3	1.908E-3
38.507	7.429E-4	1.485E-3
38.538	2.203E-4	1.145E-3
38.570	1.431E-4	8.850E-4
38.602	2.825E-4	6.276E-4
38.633	7.223E-4	1.950E-4
38.665	1.153E-3	-1.562E-4
38.697	1.282E-3	-4.939E-4
38.728	1.258E-3	-6.397E-4
38.760	1.343E-3	-9.218E-4
38.792	1.336E-3	-9.567E-4
38.823	1.334E-3	-8.357E-4
38.855	1.403E-3	-7.748E-4
38.887	1.515E-3	-5.581E-4
38.918	1.343E-3	-1.739E-4
38.950	9.093E-4	2.265E-4
38.982	2.524E-4	5.914E-4
39.013	-3.833E-5	8.745E-4
39.045	2.371E-4	1.227E-3
39.077	4.578E-4	1.251E-3
39.108	9.541E-4	1.565E-3
39.140	1.299E-3	2.076E-3
39.172	1.627E-3	2.409E-3
39.203	1.946E-3	2.541E-3
39.235	2.349E-3	2.896E-3
39.267	2.461E-3	3.046E-3
39.298	2.406E-3	2.869E-3
39.330	2.106E-3	2.624E-3
39.362	1.870E-3	2.428E-3
39.393	1.658E-3	2.123E-3
39.425	1.319E-3	1.882E-3
39.457	8.260E-4	1.486E-3
39.488	6.833E-4	1.335E-3
39.520	-1.843E-6	7.348E-4
39.552	1.991E-4	3.657E-4
39.583	7.898E-4	8.457E-5
39.615	1.286E-3	-2.117E-4
39.647	1.318E-3	-5.622E-4
39.678	1.272E-3	-7.886E-4
39.710	1.210E-3	-9.605E-4
39.742	1.229E-3	-1.009E-3
39.773	1.282E-3	-9.465E-4
39.805	1.371E-3	-7.813E-4
39.837	1.371E-3	-5.233E-4
39.868	1.216E-3	-1.260E-4
39.900	7.214E-4	2.372E-4
39.932	1.784E-4	5.284E-4
39.963	3.302E-5	8.755E-4
39.995	3.619E-4	1.222E-3
40.027	6.084E-4	1.303E-3
40.058	1.020E-3	1.721E-3
40.090	1.452E-3	2.114E-3
40.122	1.778E-3	2.373E-3
40.153	2.095E-3	2.661E-3
40.185	2.330E-3	2.821E-3
40.217	2.394E-3	2.774E-3
40.248	2.249E-3	2.718E-3
40.280	1.996E-3	2.578E-3
40.312	1.782E-3	2.229E-3
40.343	1.658E-3	2.176E-3
40.375	1.315E-3	1.775E-3
40.407	8.631E-4	1.307E-3
40.438	3.406E-4	1.029E-3
40.470	1.585E-4	6.886E-4
40.502	3.903E-4	3.723E-4
40.533	9.419E-4	7.631E-5
40.565	1.320E-3	-3.001E-4
40.597	1.432E-3	-5.853E-4
40.628	1.430E-3	-8.772E-4
40.660	1.417E-3	-9.610E-4
40.692	1.407E-3	-9.948E-4
40.723	1.473E-3	-9.702E-4
40.755	1.513E-3	-7.313E-4
40.787	1.424E-3	-4.113E-4
40.818	1.077E-3	-3.468E-5
40.850	5.202E-4	2.473E-4
40.882	9.384E-5	5.954E-4
40.913	8.141E-5	8.346E-4
40.945	4.973E-4	1.157E-3
40.977	7.473E-4	1.505E-3
41.008	1.176E-3	1.737E-3
41.040	1.428E-3	2.091E-3
41.072	1.742E-3	2.490E-3
41.103	2.062E-3	2.663E-3
41.135	2.291E-3	2.743E-3
41.167	2.388E-3	2.860E-3
41.198	2.284E-3	2.725E-3
41.230	2.085E-3	2.463E-3
41.262	1.772E-3	2.240E-3
41.293	1.609E-3	1.996E-3
41.325	1.174E-3	1.627E-3
41.357	7.724E-4	1.456E-3
41.388	3.604E-4	1.117E-3
41.420	3.799E-4	8.160E-4
41.452	8.222E-4	4.567E-4
41.483	1.373E-3	1.021E-4
41.515	1.608E-3	-2.416E-4
41.547	1.668E-3	-6.178E-4
41.578	1.628E-3	-7.022E-4
41.610	1.710E-3	-8.384E-4
41.642	1.707E-3	-8.052E-4
41.673	1.824E-3	-6.574E-4
41.705	1.880E-3	-5.206E-4
41.737	1.663E-3	-3.915E-4
41.768	1.347E-3	7.240E-5
41.800	6.287E-4	4.567E-4
41.832	1.228E-4	7.386E-4
41.863	2.253E-4	1.054E-3
41.895	9.056E-4	1.513E-3
41.927	1.126E-3	1.568E-3
41.958	1.210E-3	1.887E-3
41.990	1.511E-3	2.232E-3
42.022	1.765E-3	2.474E-3
42.053	2.003E-3	2.693E-3
42.085	2.151E-3	2.838E-3
42.117	2.159E-3	2.773E-3
42.148	2.050E-3	2.657E-3
42.180	2.004E-3	2.488E-3
42.212	1.809E-3	2.143E-3
42.243	1.548E-3	2.003E-3
42.275	1.144E-3	1.627E-3
42.307	5.315E-4	1.202E-3
42.338	1.666E-4	9.715E-4
42.370	2.745E-4	6.002E-4
42.402	9.712E-4	3.898E-4
42.433	1.366E-3	2.613E-5
42.465	1.526E-3	-3.883E-4
42.497	1.530E-3	-6.509E-4
42.528	1.569E-3	-8.130E-4
42.560	1.551E-3	-8.733E-4
42.592	1.553E-3	-8.451E-4
42.623	1.668E-3	-7.307E-4
42.655	1.696E-3	-4.750E-4
42.687	1.476E-3	-2.011E-4
42.718	1.098E-3	2.145E-4
42.750	5.056E-4	5.127E-4
42.782	3.395E-4	9.677E-4
42.813	5.216E-4	1.306E-3
42.845	9.644E-4	1.663E-3
42.877	1.202E-3	1.831E-3
42.908	1.620E-3	2.212E-3
42.940	1.965E-3	2.503E-3
42.972	2.185E-3	2.688E-3
43.003	2.461E-3	2.993E-3
43.035	2.638E-3	3.027E-3
43.067	2.570E-3	2.931E-3
43.098	2.366E-3	2.758E-3
43.130	2.016E-3	2.456E-3
43.162	1.776E-3	2.060E-3
43.193	1.607E-3	2.026E-3
43.225	1.150E-3	1.598E-3
43.257	6.639E-4	1.221E-3
43.288	4.156E-4	9.186E-4
43.320	5.448E-4	5.677E-4
43.352	1.080E-3	2.827E-4
43.383	1.438E-3	-1.295E-4
43.415	1.608E-3	-3.484E-4
43.447	1.349E-3	-7.035E-4
43.478	1.323E-3	-1.076E-3
43.510	1.216E-3	-9.842E-4
43.542	1.461E-3	-9.555E-4
43.573	1.517E-3	-9.334E-4
43.605	1.489E-3	-5.804E-4
43.637	1.510E-3	2.698E-5
43.668	9.432E-4	3.621E-4
43.700	4.292E-4	7.109E-4
43.732	1.645E-4	9.432E-4
43.763	4.640E-4	1.253E-3
43.795	8.877E-4	1.513E-3
43.827	1.228E-3	1.862E-3
43.858	1.581E-3	2.167E-3
43.890	1.912E-3	2.240E-3
43.922	2.225E-3	2.752E-3
43.953	2.453E-3	2.933E-3
43.985	2.521E-3	2.716E-3
44.017	2.457E-3	2.843E-3
44.048	2.298E-3	2.748E-3
44.080	1.959E-3	2.255E-3
44.112	1.627E-3	2.005E-3
44.143	1.399E-3	1.771E-3
44.175	8.533E-4	1.315E-3
44.207	4.357E-4	9.999E-4
44.238	1.335E-4	6.815E-4
44.270	5.302E-4	5.102E-4
44.302	1.042E-3	1.848E-4
44.333	1.313E-3	-9.265E-5
44.365	1.388E-3	-5.343E-4
44.397	1.335E-3	-9.513E-4
44.428	1.361E-3	-1.097E-3
44.460	1.354E-3	-1.095E-3
44.492	1.655E-3	-9.272E-4
44.523	1.751E-3	-5.873E-4
44.555	1.456E-3	-3.775E-4
44.587	1.347E-3	-7.284E-6
44.618	5.986E-4	1.963E-4
44.650	4.531E-5	5.278E-4
44.682	-6.631E-6	7.953E-4
44.713	4.740E-4	1.261E-3
44.745	1.045E-3	1.608E-3
44.777	1.313E-3	1.806E-3
44.808	1.893E-3	2.403E-3
44.840	2.126E-3	2.685E-3
44.872	2.205E-3	2.754E-3
44.903	2.362E-3	2.916E-3
44.935	2.446E-3	2.891E-3
44.967	2.390E-3	2.858E-3
44.998	2.006E-3	2.575E-3
45.030	1.726E-3	2.197E-3
45.062	1.513E-3	1.969E-3
45.093	1.289E-3	1.689E-3
45.125	7.444E-4	1.346E-3
45.157	2.596E-4	1.080E-3
45.188	1.193E-4	7.602E-4
45.220	5.940E-4	4.519E-4
45.252	1.086E-3	7.998E-5
45.283	1.332E-3	-3.197E-4
45.315	1.396E-3	-6.880E-4
45.347	1.284E-3	-1.043E-3
45.378	1.199E-3	-1.039E-3
45.410	1.212E-3	-1.134E-3
45.442	1.262E-3	-1.013E-3
45.473	1.462E-3	-6.150E-4
45.505	1.439E-3	-3.022E-4
45.537	1.085E-3	2.731E-5
45.568	9.353E-4	5.400E-4
45.600	4.262E-4	7.941E-4
45.632	4.338E-4	1.189E-3
45.663	8.724E-4	1.495E-3
45.695	1.380E-3	1.937E-3
45.727	1.529E-3	1.963E-3
45.758	1.873E-3	2.338E-3
45.790	2.157E-3	2.747E-3
45.822	2.545E-3	2.953E-3
45.853	2.321E-3	2.754E-3
45.885	2.321E-3	2.838E-3
45.917	2.100E-3	2.708E-3
45.948	2.072E-3	2.536E-3
45.980	1.456E-3	2.089E-3
46.012	1.162E-3	1.804E-3
46.043	1.011E-3	1.504E-3
46.075	6.311E-4	1.314E-3
46.107	4.292E-4	1.163E-3
46.138	4.040E-4	8.461E-4
46.170	8.737E-4	6.022E-4
46.202	1.345E-3	1.568E-4
46.233	1.749E-3	-1.239E-4
46.265	1.827E-3	-5.480E-4
46.297	1.841E-3	-6.809E-4
46.328	1.835E-3	-6.398E-4
46.360	1.877E-3	-7.961E-4
46.392	1.930E-3	-5.629E-4
46.423	1.961E-3	-3.632E-4
46.455	1.709E-3	-1.445E-4
46.487	1.172E-3	1.068E-4
46.518	6.062E-4	5.053E-4
46.550	3.294E-4	9.412E-4
46.582	4.783E-4	1.171E-3
46.613	9.637E-4	1.607E-3
46.645	1.409E-3	2.004E-3
46.677	1.601E-3	2.026E-3
46.708	1.788E-3	2.521E-3
46.740	1.872E-3	2.513E-3
46.772	2.316E-3	2.839E-3
46.803	2.495E-3	3.094E-3
46.835	2.361E-3	2.891E-3
46.867	2.259E-3	2.607E-3
46.898	1.931E-3	2.543E-3
46.930	1.383E-3	2.035E-3
46.962	1.033E-3	1.580E-3
46.993	8.087E-4	1.535E-3
47.025	4.198E-4	1.258E-3
47.057	2.915E-4	9.618E-4
47.088	1.026E-4	5.073E-4
47.120	8.459E-4	2.046E-4
47.152	1.410E-3	-4.118E-5
47.183	1.518E-3	-4.393E-4
47.215	1.535E-3	-6.654E-4
47.247	1.492E-3	-9.006E-4
47.278	1.510E-3	-9.868E-4
47.310	1.582E-3	-8.790E-4
47.342	1.525E-3	-8.792E-4
47.373	1.743E-3	-5.007E-4
47.405	1.620E-3	-5.612E-5
47.437	1.103E-3	3.419E-4
47.468	5.849E-4	7.176E-4
47.500	3.187E-4	9.853E-4
47.532	6.004E-4	1.275E-3
47.563	1.112E-3	1.546E-3
47.595	1.578E-3	1.942E-3
47.627	1.752E-3	2.177E-3
47.658	1.777E-3	2.234E-3
47.690	2.035E-3	2.636E-3
47.722	2.367E-3	2.756E-3
47.753	2.397E-3	2.749E-3
47.785	2.384E-3	2.744E-3
47.817	2.286E-3	2.525E-3
47.848	2.243E-3	2.315E-3
47.880	1.580E-3	1.922E-3
47.912	1.434E-3	1.598E-3
47.943	1.135E-3	1.460E-3
47.975	6.095E-4	1.110E-3
48.007	6.556E-4	9.686E-4
48.038	7.331E-4	4.213E-4
48.070	1.339E-3	1.618E-4
48.102	1.776E-3	-2.657E-4
48.133	1.958E-3	-5.637E-4
48.165	2.005E-3	-8.768E-4
48.197	1.712E-3	-1.175E-3
48.228	1.764E-3	-1.150E-3
48.260	1.808E-3	-1.139E-3
48.292	1.822E-3	-9.451E-4
48.323	2.323E-3	-3.853E-4
48.355	1.802E-3	-1.261E-4
48.387	1.358E-3	3.662E-4
48.418	8.310E-4	7.076E-4
48.450	6.670E-4	1.082E-3
48.482	1.043E-3	1.334E-3
48.513	1.431E-3	1.663E-3
48.545	1.841E-3	1.963E-3
48.577	2.001E-3	2.202E-3
48.608	2.349E-3	2.428E-3
48.640	2.591E-3	2.782E-3
48.672	2.833E-3	2.920E-3
48.703	2.917E-3	2.842E-3
48.735	2.835E-3	2.844E-3
48.767	2.672E-3	2.710E-3
48.798	2.369E-3	2.271E-3
48.830	2.018E-3	2.004E-3
48.862	1.547E-3	1.745E-3
48.893	1.269E-3	1.486E-3
48.925	7.511E-4	1.198E-3
48.957	6.127E-4	8.533E-4
48.988	9.533E-4	5.939E-4
49.020	1.657E-3	1.898E-4
49.052	2.007E-3	-1.852E-4
49.083	2.071E-3	-5.504E-4
49.115	1.503E-3	-1.021E-3
49.147	1.364E-3	-1.170E-3
49.178	1.732E-3	-1.160E-3
49.210	1.797E-3	-1.090E-3
49.242	1.896E-3	-9.236E-4
49.273	2.004E-3	-4.984E-4
49.305	1.360E-3	-4.407E-5
49.337	5.485E-4	2.741E-4
49.368	1.121E-4	6.248E-4
49.400	4.679E-5	7.989E-4
49.432	5.619E-4	1.208E-3
49.463	1.246E-3	1.551E-3
49.495	1.918E-3	1.885E-3
49.527	2.026E-3	2.092E-3
49.558	2.299E-3	2.432E-3
49.590	2.481E-3	2.704E-3
49.622	2.446E-3	2.770E-3
49.653	2.480E-3	2.717E-3
49.685	2.422E-3	2.581E-3
49.717	2.239E-3	2.461E-3
49.748	1.949E-3	2.123E-3
49.780	1.615E-3	1.681E-3
49.812	1.063E-3	1.398E-3
49.843	7.319E-4	1.200E-3
49.875	2.782E-4	7.920E-4
49.907	5.336E-4	7.680E-4
49.938	1.008E-3	3.413E-4
49.970	1.118E-3	-1.983E-4
50.002	1.316E-3	-5.620E-4
50.033	1.300E-3	-8.763E-4
50.065	1.220E-3	-1.105E-3
50.097	1.193E-3	-1.180E-3
50.128	1.238E-3	-1.141E-3
50.160	1.288E-3	-1.083E-3
50.192	1.391E-3	-8.465E-4
50.223	1.372E-3	-5.230E-4
50.255	9.890E-4	-1.423E-4
50.287	3.882E-4	2.888E-4
50.318	4.878E-4	7.882E-4
50.350	7.840E-6	9.022E-4
50.382	4.647E-4	1.176E-3
50.413	9.507E-4	1.469E-3
50.445	1.366E-3	1.916E-3
50.477	1.533E-3	2.026E-3
50.508	1.862E-3	2.339E-3
50.540	2.093E-3	2.628E-3
50.572	2.438E-3	2.693E-3
50.603	2.384E-3	2.639E-3
50.635	2.275E-3	2.536E-3
50.667	1.878E-3	2.318E-3
50.698	1.605E-3	1.938E-3
50.730	1.203E-3	1.631E-3
50.762	5.745E-4	1.267E-3
50.793	2.872E-4	1.083E-3
50.825	-1.650E-4	7.895E-4
50.857	4.249E-6	4.174E-4
50.888	9.356E-4	1.990E-4
50.920	1.614E-3	-1.203E-4
50.952	1.871E-3	-4.619E-4
50.983	1.883E-3	-7.783E-4
51.015	1.394E-3	-1.100E-3
51.047	1.389E-3	-1.120E-3
51.078	1.488E-3	-1.044E-3
51.110	1.518E-3	-9.493E-4
51.142	1.679E-3	-6.871E-4
51.173	1.491E-3	-3.917E-4
51.205	9.284E-4	9.084E-6
51.237	2.039E-4	3.310E-4
51.268	1.634E-4	8.235E-4
51.300	3.872E-4	1.064E-3
51.332	9.682E-4	1.402E-3
51.363	1.367E-3	1.750E-3
51.395	1.701E-3	2.098E-3
51.427	1.894E-3	2.195E-3
51.458	2.120E-3	2.540E-3
51.490	2.155E-3	2.607E-3
51.522	2.294E-3	2.609E-3
51.553	2.253E-3	2.667E-3
51.585	2.130E-3	2.485E-3
51.617	1.875E-3	2.200E-3
51.648	1.565E-3	1.947E-3
51.680	1.026E-3	1.539E-3
51.712	4.095E-4	1.184E-3
51.743	4.849E-4	1.254E-3
51.775	5.342E-4	9.734E-4
51.807	7.451E-4	6.750E-4
51.838	1.347E-3	3.086E-4
51.870	1.764E-3	-1.121E-4
51.902	1.949E-3	-5.248E-4
51.933	1.536E-3	-8.957E-4
51.965	1.492E-3	-1.102E-3
51.997	1.503E-3	-1.081E-3
52.028	1.604E-3	-1.045E-3
52.060	1.646E-3	-9.011E-4
52.092	1.654E-3	-6.072E-4
52.123	1.929E-3	-9.789E-5
52.155	1.400E-3	2.511E-4
52.187	6.784E-4	5.691E-4
52.218	4.435E-4	8.275E-4
52.250	8.792E-4	1.260E-3
52.282	1.326E-3	1.567E-3
52.313	1.658E-3	1.917E-3
52.345	1.929E-3	2.114E-3
52.377	2.089E-3	2.433E-3
52.408	2.347E-3	2.519E-3
52.440	2.462E-3	2.778E-3
52.472	2.530E-3	2.862E-3
52.503	2.553E-3	2.716E-3
52.535	2.521E-3	2.579E-3
52.567	2.260E-3	2.409E-3
52.598	2.017E-3	2.001E-3
52.630	1.508E-3	1.664E-3
52.662	9.963E-4	1.344E-3
52.693	7.875E-4	1.175E-3
52.725	5.583E-4	8.907E-4
52.757	1.005E-3	5.950E-4
52.788	8.317E-4	-1.310E-5
52.820	1.190E-3	-3.793E-4
52.852	1.299E-3	-7.331E-4
52.883	1.391E-3	-9.813E-4
52.915	1.512E-3	-1.124E-3
52.947	1.737E-3	-1.121E-3
52.978	1.941E-3	-9.545E-4
53.010	1.550E-3	-8.503E-4
53.042	1.633E-3	-4.384E-4
53.073	1.356E-3	-1.013E-4
53.105	6.271E-4	2.496E-4
53.137	1.882E-4	5.437E-4
53.168	1.755E-4	8.817E-4
53.200	6.238E-4	1.202E-3
53.232	1.181E-3	1.481E-3
53.263	1.817E-3	1.964E-3
53.295	1.993E-3	2.299E-3
53.327	2.113E-3	2.344E-3
53.358	2.337E-3	2.610E-3
53.390	2.501E-3	2.719E-3
53.422	2.517E-3	2.666E-3
53.453	2.517E-3	2.641E-3
53.485	2.324E-3	2.467E-3
53.517	2.025E-3	2.097E-3
53.548	1.801E-3	1.775E-3
53.580	1.352E-3	1.482E-3
53.612	9.346E-4	1.372E-3
53.643	7.064E-4	1.171E-3
53.675	5.920E-4	8.901E-4
53.707	3.632E-4	1.106E-4
53.738	9.927E-4	1.381E-4
53.770	1.294E-3	-2.127E-4
53.802	1.290E-3	-5.203E-4
53.833	1.371E-3	-7.251E-4
53.865	1.268E-3	-9.010E-4
53.897	1.141E-3	-8.917E-4
53.928	1.352E-3	-6.437E-4
53.960	1.338E-3	-5.812E-4
53.992	1.237E-3	-3.267E-4
54.023	1.196E-3	2.537E-4
54.055	8.004E-4	5.604E-4
54.087	4.434E-4	9.688E-4
54.118	3.505E-4	1.194E-3
54.150	8.016E-4	1.374E-3
54.182	1.792E-3	1.872E-3
54.213	2.266E-3	2.202E-3
54.245	2.546E-3	2.601E-3
54.277	2.945E-3	2.808E-3
54.308	3.256E-3	3.054E-3
54.340	3.512E-3	3.114E-3
54.372	3.910E-3	3.086E-3
54.403	4.405E-3	3.025E-3
54.435	4.105E-3	2.858E-3
54.467	3.859E-3	2.687E-3
54.498	2.804E-3	2.118E-3
54.530	2.710E-3	1.869E-3
54.562	2.870E-3	1.617E-3
54.593	2.990E-3	1.400E-3
54.625	3.005E-3	1.408E-3
54.657	2.660E-3	1.194E-3
54.688	1.762E-3	9.728E-4
54.720	1.654E-5	5.139E-4
54.752	-3.018E-5	1.863E-4
