0.000	2.379E-5	7.770E-5
0.032	-8.076E-5	7.574E-5
0.063	-2.778E-4	8.708E-5
0.095	-3.863E-4	8.427E-5
0.127	-3.934E-4	8.951E-5
0.158	-3.068E-4	8.961E-5
0.190	-2.355E-4	7.748E-5
0.222	-2.295E-4	9.820E-5
0.253	-3.255E-4	1.013E-4
0.285	-3.049E-4	8.637E-5
0.317	-2.036E-4	9.913E-5
0.348	-2.290E-4	8.116E-5
0.380	-3.313E-4	8.951E-5
0.412	-4.488E-4	8.470E-5
0.443	-4.453E-4	8.383E-5
0.475	-3.658E-4	8.274E-5
0.507	-3.014E-4	7.816E-5
0.538	-2.705E-4	7.366E-5
0.570	-3.512E-4	7.562E-5
0.602	-4.710E-4	4.906E-5
0.633	-4.865E-4	4.574E-5
0.665	-4.616E-4	4.121E-5
0.697	-4.142E-4	4.719E-5
0.728	-3.225E-4	4.571E-5
0.760	-3.164E-4	3.855E-5
0.792	-4.043E-4	2.116E-5
0.823	-3.975E-4	4.848E-5
0.855	-3.889E-4	4.468E-5
0.887	-4.510E-4	2.562E-5
0.918	-4.202E-4	2.771E-5
0.950	-4.124E-4	2.534E-5
0.982	-4.089E-4	2.336E-5
1.013	-3.588E-4	1.496E-5
1.045	-4.361E-4	1.954E-5
1.077	-4.097E-4	1.912E-5
1.108	-3.906E-4	2.728E-5
1.140	-3.638E-4	2.613E-5
1.172	-3.353E-4	2.841E-5
1.203	-3.597E-4	2.513E-5
1.235	-4.248E-4	2.920E-5
1.267	-3.912E-4	1.767E-5
1.298	-4.320E-4	-6.248E-6
1.330	-4.347E-4	-7.552E-6
1.362	-3.603E-4	1.413E-5
1.393	-4.172E-4	-2.804E-6
1.425	-4.689E-4	-9.504E-6
1.457	-5.001E-4	-3.700E-5
1.488	-5.009E-4	-3.839E-5
1.520	-4.696E-4	-4.291E-5
1.552	-4.389E-4	-3.985E-5
1.583	-4.392E-4	-3.887E-5
1.615	-4.779E-4	-3.554E-5
1.647	-4.637E-4	-4.260E-5
1.678	-4.851E-4	-4.740E-5
1.710	-4.457E-4	-4.170E-5
1.742	-4.355E-4	-4.207E-5
1.773	-4.365E-4	-4.195E-5
1.805	-4.485E-4	-3.748E-5
1.837	-4.403E-4	-4.180E-5
1.868	-4.737E-4	-4.209E-5
1.900	-4.447E-4	-4.230E-5
1.932	-4.422E-4	-4.142E-5
1.963	-4.362E-4	-4.243E-5
1.995	-4.374E-4	-4.254E-5
2.027	-4.398E-4	-4.296E-5
2.058	-4.391E-4	-4.276E-5
2.090	-4.383E-4	-4.286E-5
2.122	-4.388E-4	-4.291E-5
2.153	-4.387E-4	-4.250E-5
2.185	-4.811E-4	-5.726E-5
2.217	-4.804E-4	-6.019E-5
2.248	-4.752E-4	-5.961E-5
2.280	-4.759E-4	-6.071E-5
2.312	-4.772E-4	-6.104E-5
2.343	-4.772E-4	-6.097E-5
2.375	-4.787E-4	-6.250E-5
2.407	-4.776E-4	-6.227E-5
2.438	-4.776E-4	-6.227E-5
2.470	-4.793E-4	-6.176E-5
2.502	-4.421E-4	-7.071E-5
2.533	-4.501E-4	-7.123E-5
2.565	-4.432E-4	-7.052E-5
2.597	-4.571E-4	-6.674E-5
2.628	-4.851E-4	-8.946E-5
2.660	-4.798E-4	-8.695E-5
2.692	-4.590E-4	-9.562E-5
2.723	-4.510E-4	-8.796E-5
2.755	-5.299E-4	-9.311E-5
2.787	-5.321E-4	-9.196E-5
2.818	-5.307E-4	-9.236E-5
2.850	-5.275E-4	-9.224E-5
2.882	-5.270E-4	-9.267E-5
2.913	-4.639E-4	-9.596E-5
2.945	-4.676E-4	-9.486E-5
2.977	-3.761E-4	-7.344E-5
3.008	-3.633E-4	-6.681E-5
3.040	-3.466E-4	-7.101E-5
3.072	-3.216E-4	-7.156E-5
3.103	-3.530E-4	-6.377E-5
3.135	-3.554E-4	-6.493E-5
3.167	-3.554E-4	-6.493E-5
3.198	-3.556E-4	-6.452E-5
3.230	-3.220E-4	-4.157E-5
3.262	-2.983E-4	-3.922E-5
3.293	-2.973E-4	-3.986E-5
3.325	-2.956E-4	-4.064E-5
3.357	-2.969E-4	-3.985E-5
3.388	-2.770E-4	-3.961E-5
3.420	-2.711E-4	-4.059E-5
3.452	-2.676E-4	-4.285E-5
3.483	-2.565E-4	-4.652E-5
3.515	-2.704E-4	-6.381E-5
3.547	-2.582E-4	-6.975E-5
3.578	-2.449E-4	-6.265E-5
3.610	-2.702E-4	-9.077E-5
3.642	-2.708E-4	-9.201E-5
3.673	-1.280E-4	-3.383E-5
3.705	-1.297E-4	-3.102E-5
3.737	-1.839E-4	-3.697E-5
3.768	-2.199E-4	-6.108E-5
3.800	-2.349E-4	-7.350E-6
3.832	-2.993E-4	-6.911E-5
3.863	-4.941E-4	-1.300E-4
3.895	-5.609E-4	-1.514E-4
3.927	-5.292E-4	-6.699E-5
3.958	-1.013E-5	8.169E-5
3.990	-6.550E-6	1.646E-4
4.022	1.349E-6	2.146E-4
4.053	-2.935E-5	2.527E-4
4.085	-3.601E-5	2.553E-4
4.117	1.912E-5	2.842E-4
4.148	2.013E-5	2.844E-4
4.180	-4.129E-6	2.810E-4
4.212	-2.456E-5	2.470E-4
4.243	-4.610E-5	2.030E-4
4.275	-2.609E-5	1.328E-4
4.307	-2.381E-5	7.403E-5
4.338	-8.601E-5	-6.940E-5
4.370	-8.610E-5	-1.305E-4
4.402	-9.038E-5	-2.117E-4
4.433	-9.012E-5	-2.730E-4
4.465	-7.314E-5	-1.824E-4
4.497	-2.866E-4	-3.098E-4
4.528	-2.724E-4	-3.294E-4
4.560	-2.996E-4	-3.276E-4
4.592	-3.867E-4	-3.524E-4
4.623	-3.121E-4	-3.032E-4
4.655	-3.452E-4	-2.401E-4
4.687	-3.149E-4	-1.556E-4
4.718	-3.324E-4	-8.907E-5
4.750	-3.042E-4	-4.709E-6
4.782	-2.647E-4	1.634E-4
4.813	-2.556E-4	2.756E-4
4.845	-2.061E-4	3.356E-4
4.877	-1.512E-4	3.427E-4
4.908	-9.492E-5	3.701E-4
4.940	-2.499E-5	4.228E-4
4.972	-4.646E-5	4.628E-4
5.003	-9.513E-6	4.564E-4
5.035	-8.412E-5	3.644E-4
5.067	-1.361E-4	2.648E-4
5.098	-1.594E-4	1.742E-4
5.130	-1.717E-4	6.999E-5
5.162	-8.710E-5	-1.657E-5
5.193	-8.530E-5	-1.327E-4
5.225	-5.741E-5	-2.460E-4
5.257	-8.384E-5	-3.946E-4
5.288	-7.221E-5	-4.351E-4
5.320	-6.722E-5	-5.241E-4
5.352	-4.312E-5	-4.672E-4
5.383	-6.450E-5	-4.739E-4
5.415	-1.109E-4	-4.828E-4
5.447	-3.234E-4	-4.731E-4
5.478	-3.991E-4	-3.400E-4
5.510	-5.358E-4	-2.352E-4
5.542	-6.314E-4	-1.273E-4
5.573	-6.432E-4	2.177E-5
5.605	-6.366E-4	1.652E-4
5.637	-1.058E-6	4.535E-4
5.668	3.005E-5	5.441E-4
5.700	1.053E-4	6.054E-4
5.732	1.706E-4	6.921E-4
5.763	2.623E-4	6.838E-4
5.795	2.658E-4	6.269E-4
5.827	1.651E-4	5.798E-4
5.858	-4.195E-5	4.530E-4
5.890	-4.023E-4	2.807E-4
5.922	-5.009E-4	1.081E-4
5.953	-5.928E-4	-6.441E-5
5.985	-5.942E-4	-2.634E-4
6.017	-4.654E-4	-4.423E-4
6.048	-3.556E-4	-4.770E-4
6.080	-4.836E-4	-6.453E-4
6.112	-5.165E-4	-7.675E-4
6.143	-5.107E-4	-8.212E-4
6.175	-3.394E-4	-8.303E-4
6.207	-2.762E-4	-7.877E-4
6.238	-2.937E-4	-6.752E-4
6.270	-3.877E-4	-5.318E-4
6.302	-4.313E-4	-3.609E-4
6.333	-3.575E-4	-1.241E-4
6.365	-2.683E-4	-6.373E-5
6.397	-1.372E-4	1.066E-4
6.428	-1.033E-4	3.145E-4
6.460	-2.169E-5	4.506E-4
6.492	4.065E-5	6.629E-4
6.523	2.026E-4	7.728E-4
6.555	3.931E-4	7.774E-4
6.587	6.311E-4	8.073E-4
6.618	7.170E-4	7.775E-4
6.650	5.375E-4	6.085E-4
6.682	3.828E-4	5.438E-4
6.713	3.337E-6	3.712E-4
6.745	-6.551E-4	5.682E-5
6.777	-7.690E-4	-1.524E-4
6.808	-4.261E-4	-3.232E-4
6.840	-9.178E-5	-5.622E-4
6.872	-9.086E-5	-7.074E-4
6.903	-3.024E-4	-8.798E-4
6.935	-5.314E-4	-9.964E-4
6.967	-5.338E-4	-1.054E-3
6.998	-4.530E-4	-1.085E-3
7.030	-1.009E-4	-9.986E-4
7.062	-1.093E-4	-9.172E-4
7.093	-2.470E-4	-6.758E-4
7.125	-5.910E-4	-4.725E-4
7.157	-7.397E-4	-2.064E-4
7.188	-7.014E-4	-4.271E-5
7.220	-4.265E-4	1.973E-4
7.252	-1.583E-4	4.590E-4
7.283	-1.165E-4	5.714E-4
7.315	-9.898E-6	7.131E-4
7.347	2.887E-4	9.154E-4
7.378	4.238E-4	8.972E-4
7.410	1.010E-3	9.806E-4
7.442	1.069E-3	9.236E-4
7.473	9.035E-4	7.215E-4
7.505	4.939E-4	4.838E-4
7.537	-7.168E-5	3.140E-4
7.568	-4.649E-4	7.768E-5
7.600	-4.356E-4	-1.517E-4
7.632	-2.287E-4	-3.040E-4
7.663	2.549E-4	-5.619E-4
7.695	5.264E-4	-7.710E-4
7.727	3.473E-4	-9.932E-4
7.758	-2.203E-4	-1.194E-3
7.790	-2.749E-4	-1.254E-3
7.822	-1.139E-4	-1.211E-3
7.853	8.245E-5	-1.056E-3
7.885	7.277E-5	-8.471E-4
7.917	-2.196E-4	-5.854E-4
7.948	-6.107E-4	-3.881E-4
7.980	-7.533E-4	-3.035E-4
8.012	-7.841E-4	-4.068E-5
8.043	-4.969E-4	1.941E-4
8.075	-3.921E-5	5.739E-4
8.107	2.583E-4	7.735E-4
8.138	4.133E-4	8.920E-4
8.170	4.435E-4	1.001E-3
8.202	1.118E-3	1.246E-3
8.233	1.163E-3	1.094E-3
8.265	1.148E-3	8.982E-4
8.297	9.103E-4	8.299E-4
8.328	4.047E-4	5.156E-4
8.360	-2.060E-4	2.808E-4
8.392	-6.733E-4	1.071E-4
8.423	-7.033E-4	-1.517E-4
8.455	-2.068E-4	-3.320E-4
8.487	2.414E-4	-6.506E-4
8.518	3.538E-4	-8.831E-4
8.550	1.446E-4	-1.142E-3
8.582	-1.278E-4	-1.315E-3
8.613	-2.143E-4	-1.224E-3
8.645	-1.719E-4	-1.231E-3
8.677	3.377E-5	-1.143E-3
8.708	2.042E-4	-9.089E-4
8.740	1.459E-4	-6.189E-4
8.772	-1.767E-4	-3.294E-4
8.803	-5.405E-4	-5.939E-5
8.835	-6.743E-4	1.673E-4
8.867	-3.826E-4	4.276E-4
8.898	3.855E-5	6.988E-4
8.930	2.876E-4	8.622E-4
8.962	6.714E-4	1.037E-3
8.993	1.031E-3	1.217E-3
9.025	1.242E-3	1.270E-3
9.057	1.240E-3	1.185E-3
9.088	1.059E-3	1.041E-3
9.120	5.655E-4	8.092E-4
9.152	-4.628E-5	4.914E-4
9.183	-5.978E-4	2.309E-4
9.215	-7.353E-4	-6.519E-5
9.247	-6.167E-4	-1.245E-4
9.278	-4.671E-5	-3.780E-4
9.310	4.379E-4	-7.336E-4
9.342	4.916E-4	-1.053E-3
9.373	2.666E-4	-1.267E-3
9.405	4.210E-5	-1.401E-3
9.437	-2.253E-6	-1.408E-3
9.468	8.071E-5	-1.341E-3
9.500	3.137E-4	-1.108E-3
9.532	3.527E-4	-8.539E-4
9.563	2.985E-4	-5.960E-4
9.595	-3.095E-4	-3.210E-4
9.627	-7.134E-4	-9.026E-5
9.658	-6.819E-4	2.285E-4
9.690	-2.750E-4	4.607E-4
9.722	2.219E-4	6.955E-4
9.753	7.363E-4	1.015E-3
9.785	1.124E-3	1.330E-3
9.817	1.393E-3	1.355E-3
9.848	1.445E-3	1.330E-3
9.880	1.424E-3	1.298E-3
9.912	1.228E-3	1.090E-3
9.943	7.142E-4	8.982E-4
9.975	2.016E-4	6.288E-4
10.007	-4.787E-4	2.893E-4
10.038	-8.184E-4	-6.563E-5
10.070	-4.730E-4	-4.088E-4
10.102	1.809E-4	-6.802E-4
10.133	5.864E-4	-1.030E-3
10.165	5.387E-4	-1.282E-3
10.197	4.138E-4	-1.376E-3
10.228	1.209E-4	-1.616E-3
10.260	-4.802E-5	-1.568E-3
10.292	5.041E-5	-1.378E-3
10.323	9.690E-5	-1.105E-3
10.355	1.827E-4	-8.580E-4
10.387	-5.375E-5	-5.335E-4
10.418	-5.137E-4	-2.923E-4
10.450	-5.867E-4	4.791E-5
10.482	-5.884E-4	2.817E-4
10.513	-4.478E-4	6.078E-4
10.545	1.195E-4	8.581E-4
10.577	6.283E-4	1.069E-3
10.608	1.084E-3	1.469E-3
10.640	1.358E-3	1.505E-3
10.672	1.637E-3	1.324E-3
10.703	1.544E-3	1.415E-3
10.735	1.166E-3	1.154E-3
10.767	4.532E-4	6.059E-4
10.798	-4.446E-4	2.852E-4
10.830	-7.685E-4	3.155E-4
10.862	-1.073E-3	-9.673E-5
10.893	-6.636E-4	-5.347E-4
10.925	1.847E-4	-8.421E-4
10.957	6.848E-4	-1.168E-3
10.988	7.374E-4	-1.339E-3
11.020	5.253E-4	-1.352E-3
11.052	1.753E-4	-1.607E-3
11.083	3.436E-5	-1.761E-3
11.115	6.492E-5	-1.499E-3
11.147	8.670E-6	-1.264E-3
11.178	1.047E-4	-1.049E-3
11.210	1.311E-5	-7.610E-4
11.242	-2.928E-4	-3.849E-4
11.273	-6.034E-4	-1.302E-4
11.305	-5.478E-4	3.673E-4
11.337	-3.082E-4	8.707E-4
11.368	2.476E-4	9.268E-4
11.400	8.630E-4	1.127E-3
11.432	1.460E-3	1.613E-3
11.463	1.722E-3	1.329E-3
11.495	2.056E-3	1.649E-3
11.527	1.985E-3	1.291E-3
11.558	1.532E-3	9.839E-4
11.590	6.732E-4	8.888E-4
11.622	-4.102E-4	4.879E-4
11.653	-1.102E-3	7.804E-5
11.685	-1.552E-3	-4.116E-4
11.717	-5.936E-4	-7.182E-4
11.748	1.988E-4	-1.060E-3
11.780	4.024E-4	-1.051E-3
11.812	3.796E-4	-1.490E-3
11.843	2.155E-5	-1.867E-3
11.875	3.364E-4	-1.807E-3
11.907	1.546E-4	-1.587E-3
11.938	1.885E-4	-1.342E-3
11.970	3.650E-4	-1.080E-3
12.002	3.653E-4	-7.873E-4
12.033	3.052E-5	-4.778E-4
12.065	-4.143E-4	-1.519E-4
12.097	-5.709E-4	1.716E-4
12.128	-6.005E-4	4.339E-4
12.160	-1.740E-4	6.269E-4
12.192	2.617E-4	9.779E-4
12.223	8.480E-4	1.499E-3
12.255	1.601E-3	1.471E-3
12.287	2.031E-3	1.530E-3
12.318	2.200E-3	1.648E-3
12.350	1.935E-3	1.129E-3
12.382	1.337E-3	9.442E-4
12.413	8.544E-4	7.527E-4
12.445	-2.552E-4	3.349E-4
12.477	-1.146E-3	2.346E-5
12.508	-1.185E-3	-1.901E-4
12.540	-2.433E-4	-3.835E-4
12.572	8.377E-4	-7.078E-4
12.603	1.264E-3	-1.106E-3
12.635	1.150E-3	-1.724E-3
12.667	6.971E-4	-1.923E-3
12.698	1.654E-4	-1.776E-3
12.730	1.192E-5	-1.953E-3
12.762	-2.276E-4	-1.578E-3
12.793	-3.096E-4	-1.139E-3
12.825	-3.741E-4	-7.612E-4
12.857	-3.168E-4	-4.123E-4
12.888	-6.835E-4	-6.644E-5
12.920	-2.923E-4	3.095E-4
12.952	-3.614E-4	5.790E-4
12.983	-1.237E-4	8.392E-4
13.015	3.690E-4	1.389E-3
13.047	7.195E-4	1.360E-3
13.078	1.551E-3	1.771E-3
13.110	2.181E-3	1.648E-3
13.142	2.512E-3	1.508E-3
13.173	2.359E-3	1.497E-3
13.205	1.625E-3	1.061E-3
13.237	4.130E-4	5.943E-4
13.268	-8.999E-4	3.346E-4
13.300	-1.452E-3	-4.286E-5
13.332	-8.985E-4	-3.248E-4
13.363	-1.945E-4	-4.530E-4
13.395	1.047E-3	-8.577E-4
13.427	1.546E-3	-1.264E-3
13.458	1.365E-3	-1.671E-3
13.490	8.334E-4	-1.840E-3
13.522	3.076E-4	-1.816E-3
13.553	-7.160E-5	-1.719E-3
13.585	-1.128E-4	-1.442E-3
13.617	1.830E-5	-1.004E-3
13.648	1.082E-4	-5.589E-4
13.680	8.544E-5	-3.904E-4
13.712	-1.464E-4	1.786E-5
13.743	-4.200E-4	2.847E-4
13.775	-3.744E-4	5.651E-4
13.807	-1.429E-4	9.262E-4
13.838	4.819E-4	1.390E-3
13.870	1.222E-3	1.562E-3
13.902	2.053E-3	1.740E-3
13.933	2.580E-3	1.798E-3
13.965	2.616E-3	1.506E-3
13.997	2.494E-3	1.503E-3
14.028	1.206E-3	1.013E-3
14.060	9.972E-4	1.003E-3
14.092	-1.082E-3	2.235E-4
14.123	-1.664E-3	-1.218E-4
14.155	-9.641E-4	-4.154E-4
14.187	2.896E-4	-7.081E-4
14.218	1.190E-3	-1.172E-3
14.250	1.430E-3	-1.492E-3
14.282	1.113E-3	-1.815E-3
14.313	8.954E-4	-1.900E-3
14.345	3.102E-4	-1.922E-3
14.377	1.728E-5	-1.841E-3
14.408	-1.647E-4	-1.517E-3
14.440	-1.428E-4	-1.092E-3
14.472	-1.689E-4	-5.930E-4
14.503	-2.526E-4	-2.475E-4
14.535	-5.590E-4	7.798E-5
14.567	-7.423E-4	3.175E-4
14.598	-6.464E-4	6.048E-4
14.630	-4.774E-4	8.369E-4
14.662	2.535E-5	1.183E-3
14.693	6.898E-4	1.537E-3
14.725	1.462E-3	1.645E-3
14.757	2.034E-3	1.677E-3
14.788	2.101E-3	1.446E-3
14.820	1.763E-3	1.186E-3
14.852	9.504E-4	8.353E-4
14.883	-2.680E-4	4.298E-4
14.915	-1.406E-3	5.232E-5
14.947	-1.524E-3	-6.579E-5
14.978	-1.117E-3	-4.406E-4
15.010	2.210E-4	-6.755E-4
15.042	1.318E-3	-1.131E-3
15.073	1.573E-3	-1.551E-3
15.105	1.311E-3	-1.925E-3
15.137	8.755E-4	-2.041E-3
15.168	3.759E-4	-1.956E-3
15.200	2.713E-5	-1.700E-3
15.232	-1.411E-4	-1.296E-3
15.263	-2.815E-4	-1.086E-3
15.295	-2.858E-4	-5.934E-4
15.327	-4.212E-4	-3.294E-4
15.358	-4.749E-4	-7.304E-6
15.390	-5.254E-4	3.112E-4
15.422	-4.735E-4	6.609E-4
15.453	-2.650E-4	1.070E-3
15.485	3.719E-4	1.358E-3
15.517	1.192E-3	1.645E-3
15.548	1.844E-3	1.765E-3
15.580	2.118E-3	1.677E-3
15.612	2.245E-3	1.557E-3
15.643	1.922E-3	1.155E-3
15.675	1.126E-3	8.673E-4
15.707	-8.795E-5	4.270E-4
15.738	-1.216E-3	7.358E-5
15.770	-1.833E-3	-3.268E-4
15.802	-1.255E-3	-6.524E-4
15.833	8.269E-4	-9.111E-4
15.865	1.610E-3	-1.427E-3
15.897	1.776E-3	-1.584E-3
15.928	1.710E-3	-1.903E-3
15.960	1.347E-3	-2.107E-3
15.992	9.533E-4	-1.927E-3
16.023	5.510E-4	-1.669E-3
16.055	1.412E-4	-1.313E-3
16.087	-9.987E-5	-9.363E-4
16.118	-1.790E-4	-4.484E-4
16.150	-1.773E-4	-1.566E-4
16.182	-1.016E-4	2.278E-4
16.213	-1.203E-4	3.722E-4
16.245	2.155E-5	6.003E-4
16.277	2.519E-4	1.127E-3
16.308	6.969E-4	1.444E-3
16.340	1.350E-3	1.623E-3
16.372	1.971E-3	1.822E-3
16.403	2.313E-3	1.715E-3
16.435	2.248E-3	1.333E-3
16.467	1.723E-3	1.124E-3
16.498	8.376E-4	7.519E-4
16.530	2.204E-4	4.605E-4
16.562	-9.018E-4	1.304E-4
16.593	-1.313E-3	-1.545E-4
16.625	-9.021E-4	-5.642E-4
16.657	7.503E-4	-9.057E-4
16.688	1.665E-3	-1.438E-3
16.720	1.852E-3	-1.866E-3
16.752	1.696E-3	-1.960E-3
16.783	1.340E-3	-2.137E-3
16.815	8.753E-4	-1.963E-3
16.847	5.434E-4	-1.780E-3
16.878	1.834E-4	-1.350E-3
16.910	-2.441E-4	-9.358E-4
16.942	-4.493E-4	-4.965E-4
16.973	-3.870E-4	-1.228E-4
17.005	-1.959E-4	1.905E-4
17.037	3.090E-5	6.304E-4
17.068	2.178E-4	8.985E-4
17.100	4.955E-4	1.212E-3
17.132	1.016E-3	1.672E-3
17.163	1.269E-3	1.682E-3
17.195	1.784E-3	1.797E-3
17.227	2.080E-3	1.678E-3
17.258	2.045E-3	1.396E-3
17.290	1.616E-3	1.073E-3
17.322	6.872E-4	6.642E-4
17.353	-2.345E-4	3.639E-4
17.385	-1.747E-3	-2.436E-4
17.417	-1.677E-3	-6.011E-4
17.448	-5.351E-4	-9.398E-4
17.480	8.862E-4	-8.202E-4
17.512	1.583E-3	-1.312E-3
17.543	1.787E-3	-1.864E-3
17.575	1.710E-3	-2.044E-3
17.607	1.397E-3	-2.044E-3
17.638	1.048E-3	-1.928E-3
17.670	6.642E-4	-1.580E-3
17.702	-5.665E-4	-1.201E-3
17.733	-9.101E-4	-7.653E-4
17.765	-1.169E-3	-4.420E-4
17.797	-1.062E-3	-2.376E-4
17.828	-8.561E-4	5.749E-5
17.860	-6.559E-4	3.724E-4
17.892	-4.433E-4	7.949E-4
17.923	-1.790E-4	1.193E-3
17.955	9.717E-4	1.568E-3
17.987	8.168E-4	1.677E-3
18.018	1.220E-3	1.677E-3
18.050	1.325E-3	1.362E-3
18.082	1.032E-3	1.185E-3
18.113	1.043E-3	9.186E-4
18.145	1.953E-4	5.743E-4
18.177	-8.778E-4	2.242E-4
18.208	-1.689E-3	-2.095E-4
18.240	-1.462E-3	-4.744E-4
18.272	-5.344E-4	-9.124E-4
18.303	4.329E-4	-1.353E-3
18.335	1.638E-3	-1.662E-3
18.367	1.794E-3	-1.841E-3
18.398	1.626E-3	-2.072E-3
18.430	1.454E-3	-2.045E-3
18.462	1.160E-3	-1.872E-3
18.493	8.614E-4	-1.520E-3
18.525	2.885E-4	-1.109E-3
18.557	-7.800E-4	-7.699E-4
18.588	-1.142E-3	-5.176E-4
18.620	-8.792E-4	-3.675E-5
18.652	-5.110E-4	2.570E-4
18.683	-2.071E-4	6.595E-4
18.715	-2.541E-5	9.439E-4
18.747	1.614E-4	1.159E-3
18.778	7.881E-4	1.527E-3
18.810	1.237E-3	1.654E-3
18.842	1.625E-3	1.676E-3
18.873	1.612E-3	1.537E-3
18.905	1.371E-3	1.206E-3
18.937	9.767E-4	8.946E-4
18.968	2.527E-4	4.861E-4
19.000	-7.153E-4	1.138E-4
19.032	-1.121E-3	-2.626E-4
19.063	-9.807E-4	-3.676E-4
19.095	-1.256E-4	-7.321E-4
19.127	8.151E-4	-1.293E-3
19.158	1.244E-3	-1.753E-3
19.190	1.518E-3	-1.993E-3
19.222	1.569E-3	-2.166E-3
19.253	1.348E-3	-2.123E-3
19.285	1.096E-3	-1.697E-3
19.317	5.225E-4	-1.435E-3
19.348	-1.744E-4	-1.030E-3
19.380	-4.444E-4	-7.304E-4
19.412	-7.884E-4	-4.129E-4
19.443	-5.588E-4	-9.570E-6
19.475	-8.999E-5	2.521E-4
19.507	3.201E-4	5.996E-4
19.538	6.944E-4	1.040E-3
19.570	1.009E-3	1.389E-3
19.602	1.362E-3	1.647E-3
19.633	1.628E-3	1.645E-3
19.665	1.679E-3	1.593E-3
19.697	1.608E-3	1.438E-3
19.728	1.357E-3	1.129E-3
19.760	9.261E-4	8.350E-4
19.792	1.080E-4	3.134E-4
19.823	-7.362E-4	2.259E-5
19.855	-1.203E-3	-4.108E-4
19.887	-7.912E-4	-7.926E-4
19.918	-1.222E-4	-1.171E-3
19.950	4.339E-4	-1.632E-3
19.982	8.317E-4	-1.954E-3
20.013	9.065E-4	-2.197E-3
20.045	8.504E-4	-2.196E-3
20.077	1.413E-3	-2.039E-3
20.108	1.011E-3	-1.835E-3
20.140	6.111E-4	-1.292E-3
20.172	-1.259E-5	-8.195E-4
20.203	-5.732E-4	-4.210E-4
20.235	-5.925E-4	-3.219E-5
20.267	-3.576E-4	3.158E-4
20.298	3.081E-5	5.452E-4
20.330	2.309E-4	8.638E-4
20.362	4.440E-4	1.097E-3
20.393	8.503E-4	1.414E-3
20.425	1.264E-3	1.797E-3
20.457	1.618E-3	1.797E-3
20.488	1.694E-3	1.619E-3
20.520	1.492E-3	1.502E-3
20.552	9.897E-4	1.062E-3
20.583	2.287E-4	6.323E-4
20.615	-6.892E-4	2.218E-4
20.647	-1.218E-3	4.581E-5
20.678	-1.530E-3	-2.969E-4
20.710	-1.200E-3	-7.376E-4
20.742	5.542E-4	-9.728E-4
20.773	1.252E-3	-1.407E-3
20.805	1.502E-3	-1.693E-3
20.837	1.476E-3	-2.046E-3
20.868	1.277E-3	-2.168E-3
20.900	9.417E-4	-1.865E-3
20.932	6.076E-4	-1.577E-3
20.963	3.257E-4	-1.313E-3
20.995	-1.817E-4	-8.607E-4
21.027	-6.673E-4	-4.408E-4
21.058	-9.383E-4	-1.621E-4
21.090	-6.349E-5	2.336E-4
21.122	1.692E-4	5.454E-4
21.153	5.508E-4	8.874E-4
21.185	9.626E-4	1.352E-3
21.217	1.369E-3	1.586E-3
21.248	1.877E-3	1.768E-3
21.280	2.064E-3	1.787E-3
21.312	2.129E-3	1.674E-3
21.343	2.027E-3	1.566E-3
21.375	1.432E-3	1.059E-3
21.407	5.514E-4	6.305E-4
21.438	-7.035E-4	1.109E-4
21.470	-1.444E-3	-2.628E-4
21.502	-1.283E-3	-6.010E-4
21.533	-2.754E-4	-9.924E-4
21.565	6.876E-4	-1.372E-3
21.597	9.419E-4	-1.572E-3
21.628	1.273E-3	-2.047E-3
21.660	1.825E-3	-2.014E-3
21.692	1.709E-3	-1.928E-3
21.723	1.475E-3	-1.727E-3
21.755	1.045E-3	-1.497E-3
21.787	1.105E-4	-1.200E-3
21.818	-4.858E-4	-7.126E-4
21.850	-8.468E-4	-2.423E-4
21.882	-3.784E-4	3.657E-4
21.913	-2.418E-4	3.980E-4
21.945	1.729E-4	8.293E-4
21.977	1.976E-4	1.035E-3
22.008	5.511E-4	1.415E-3
22.040	1.098E-3	1.763E-3
22.072	1.362E-3	1.881E-3
22.103	1.624E-3	1.884E-3
22.135	1.656E-3	1.759E-3
22.167	1.300E-3	1.449E-3
22.198	3.987E-4	8.875E-4
22.230	1.120E-4	7.124E-4
22.262	-9.229E-4	2.761E-4
22.293	-1.117E-3	-1.039E-4
22.325	-1.066E-3	-4.944E-4
22.357	-1.731E-4	-9.938E-4
22.388	5.825E-4	-1.462E-3
22.420	1.479E-3	-1.694E-3
22.452	1.504E-3	-1.956E-3
22.483	1.195E-3	-2.309E-3
22.515	8.709E-4	-2.222E-3
22.547	6.962E-4	-2.105E-3
22.578	3.934E-4	-1.693E-3
22.610	-7.217E-5	-1.170E-3
22.642	-8.326E-4	-8.168E-4
22.673	-1.185E-3	-4.184E-4
22.705	-5.755E-4	1.602E-4
22.737	-1.620E-4	5.147E-4
22.768	-1.843E-4	7.466E-4
22.800	7.456E-5	1.040E-3
22.832	3.935E-4	1.587E-3
22.863	6.167E-4	1.585E-3
22.895	1.718E-3	1.966E-3
22.927	1.998E-3	1.910E-3
22.958	1.877E-3	1.596E-3
22.990	1.531E-3	1.503E-3
23.022	7.546E-4	9.879E-4
23.053	2.014E-4	3.395E-4
23.085	-7.350E-4	-3.818E-5
23.117	-1.226E-3	-4.143E-4
23.148	-6.475E-4	-6.181E-4
23.180	-8.898E-5	-7.999E-4
23.212	8.180E-4	-1.381E-3
23.243	1.381E-3	-1.778E-3
23.275	1.420E-3	-2.017E-3
23.307	1.541E-3	-2.073E-3
23.338	1.220E-3	-2.162E-3
23.370	6.311E-4	-1.781E-3
23.402	3.147E-4	-1.262E-3
23.433	-3.067E-4	-8.753E-4
23.465	-7.254E-4	-5.362E-4
23.497	-6.792E-4	-1.251E-4
23.528	-6.231E-4	2.542E-4
23.560	1.609E-5	7.819E-4
23.592	3.767E-4	1.062E-3
23.623	6.981E-4	1.384E-3
23.655	1.361E-3	2.055E-3
23.687	1.252E-3	1.879E-3
23.718	1.565E-3	1.759E-3
23.750	1.683E-3	1.935E-3
23.782	1.537E-3	1.562E-3
23.813	1.163E-3	1.091E-3
23.845	8.564E-4	1.038E-3
23.877	2.597E-4	4.794E-4
23.908	-7.780E-4	9.523E-5
23.940	-1.214E-3	-3.529E-4
23.972	-6.949E-4	-6.735E-4
24.003	1.955E-4	-1.018E-3
24.035	9.183E-4	-1.480E-3
24.067	1.491E-3	-2.022E-3
24.098	1.489E-3	-2.428E-3
24.130	1.323E-3	-2.355E-3
24.162	1.181E-3	-2.477E-3
24.193	8.333E-4	-2.069E-3
24.225	7.028E-4	-1.433E-3
24.257	2.874E-5	-9.731E-4
24.288	-7.132E-4	-5.868E-4
24.320	-9.410E-4	-3.281E-4
24.352	-5.692E-4	1.417E-4
24.383	-3.595E-4	3.412E-4
24.415	7.795E-4	1.129E-3
24.447	8.111E-4	1.327E-3
24.478	5.354E-4	1.478E-3
24.510	1.480E-3	1.821E-3
24.542	1.541E-3	1.740E-3
24.573	1.470E-3	1.796E-3
24.605	1.642E-3	1.593E-3
24.637	1.210E-3	1.098E-3
24.668	9.346E-4	8.276E-4
24.700	-1.830E-5	4.060E-4
24.732	-8.341E-4	1.233E-5
24.763	-8.834E-4	-3.229E-4
24.795	-5.371E-4	-6.429E-4
24.827	4.318E-4	-9.118E-4
24.858	1.271E-3	-1.316E-3
24.890	1.641E-3	-1.776E-3
24.922	1.924E-3	-2.079E-3
24.953	2.085E-3	-1.927E-3
24.985	1.643E-3	-1.838E-3
25.017	1.184E-3	-1.548E-3
25.048	4.837E-4	-1.053E-3
25.080	-2.710E-5	-3.373E-4
25.112	-3.485E-4	-1.021E-4
25.143	-8.767E-4	-1.291E-5
25.175	-2.308E-4	4.732E-4
25.207	-4.037E-4	5.118E-4
25.238	-2.431E-4	1.075E-3
25.270	1.207E-3	1.566E-3
25.302	1.095E-3	1.679E-3
25.333	1.609E-3	2.019E-3
25.365	1.368E-3	1.880E-3
25.397	1.324E-3	1.706E-3
25.428	1.217E-3	1.562E-3
25.460	5.924E-4	1.128E-3
25.492	6.718E-4	7.043E-4
25.523	1.916E-5	2.286E-4
25.555	-7.891E-4	-1.317E-4
25.587	-9.465E-4	-4.984E-4
25.618	-4.049E-4	-9.215E-4
25.650	4.664E-4	-1.383E-3
25.682	9.308E-4	-1.907E-3
25.713	1.814E-3	-2.068E-3
25.745	1.768E-3	-2.330E-3
25.777	1.764E-3	-2.363E-3
25.808	1.591E-3	-2.134E-3
25.840	9.591E-4	-1.904E-3
25.872	5.206E-4	-1.203E-3
25.903	-4.481E-4	-7.616E-4
25.935	-9.890E-4	-2.697E-4
25.967	-8.801E-4	8.287E-5
25.998	-3.108E-4	4.511E-4
26.030	1.630E-4	6.613E-4
26.062	1.011E-3	1.123E-3
26.093	1.363E-3	1.419E-3
26.125	1.652E-3	1.794E-3
26.157	1.725E-3	1.922E-3
26.188	1.725E-3	1.793E-3
26.220	1.570E-3	1.737E-3
26.252	1.308E-3	1.472E-3
26.283	8.255E-4	9.536E-4
26.315	1.760E-4	5.974E-4
26.347	-5.961E-4	1.998E-4
26.378	-9.237E-4	-4.183E-5
26.410	-1.004E-3	-3.256E-4
26.442	-4.544E-4	-7.296E-4
26.473	4.437E-4	-1.085E-3
26.505	1.117E-3	-1.611E-3
26.537	1.994E-3	-1.808E-3
26.568	1.990E-3	-1.951E-3
26.600	1.825E-3	-1.956E-3
26.632	1.455E-3	-1.758E-3
26.663	1.038E-3	-1.198E-3
26.695	7.763E-4	-8.492E-4
26.727	1.990E-5	-4.425E-4
26.758	-4.358E-4	9.023E-6
26.790	-4.100E-4	2.841E-4
26.822	-1.104E-4	4.885E-4
26.853	3.769E-4	8.829E-4
26.885	7.536E-4	1.264E-3
26.917	1.183E-3	1.673E-3
26.948	1.574E-3	1.873E-3
26.980	1.834E-3	1.991E-3
27.012	1.853E-3	1.944E-3
27.043	1.839E-3	1.839E-3
27.075	1.585E-3	1.566E-3
27.107	9.447E-4	9.544E-4
27.138	5.617E-4	6.508E-4
27.170	-3.039E-4	2.855E-4
27.202	-7.534E-4	-1.578E-5
27.233	-6.639E-4	-4.797E-4
27.265	5.813E-4	-8.626E-4
27.297	1.812E-3	-1.004E-3
27.328	1.870E-3	-1.368E-3
27.360	2.086E-3	-1.899E-3
27.392	2.120E-3	-1.964E-3
27.423	1.921E-3	-1.930E-3
27.455	1.621E-3	-1.695E-3
27.487	1.145E-3	-1.251E-3
27.518	3.464E-4	-6.796E-4
27.550	-3.240E-4	-2.686E-4
27.582	-3.357E-4	2.643E-4
27.613	9.251E-6	5.609E-4
27.645	3.772E-4	7.358E-4
27.677	8.943E-4	1.212E-3
27.708	1.249E-3	1.607E-3
27.740	1.661E-3	1.789E-3
27.772	2.047E-3	2.153E-3
27.803	2.321E-3	2.315E-3
27.835	2.323E-3	2.080E-3
27.867	2.120E-3	1.853E-3
27.898	1.709E-3	1.565E-3
27.930	1.109E-3	1.055E-3
27.962	6.995E-4	9.723E-4
27.993	-1.015E-4	6.973E-4
28.025	-6.194E-4	2.793E-4
28.057	-2.336E-4	-1.015E-4
28.088	7.139E-4	-6.061E-4
28.120	1.528E-3	-1.077E-3
28.152	2.010E-3	-1.444E-3
28.183	2.220E-3	-1.597E-3
28.215	2.228E-3	-1.775E-3
28.247	2.122E-3	-1.534E-3
28.278	1.789E-3	-1.514E-3
28.310	1.468E-3	-9.923E-4
28.342	5.655E-4	-5.221E-4
28.373	-1.263E-4	-3.599E-5
28.405	-3.881E-4	3.294E-4
28.437	-6.383E-5	6.020E-4
28.468	6.065E-4	9.767E-4
28.500	1.079E-3	1.066E-3
28.532	1.469E-3	1.370E-3
28.563	1.823E-3	1.847E-3
28.595	1.924E-3	1.780E-3
28.627	1.977E-3	1.922E-3
28.658	1.896E-3	1.708E-3
28.690	1.578E-3	1.446E-3
28.722	1.369E-3	1.192E-3
28.753	9.841E-4	1.044E-3
28.785	3.996E-4	5.454E-4
28.817	-8.218E-4	-1.872E-4
28.848	-9.654E-4	-5.963E-4
28.880	1.451E-5	-6.091E-4
28.912	9.667E-4	-6.582E-4
28.943	1.437E-3	-1.249E-3
28.975	1.779E-3	-1.700E-3
29.007	1.857E-3	-1.990E-3
29.038	1.714E-3	-2.224E-3
29.070	1.384E-3	-2.094E-3
29.102	9.861E-4	-1.610E-3
29.133	8.404E-4	-1.199E-3
29.165	4.976E-5	-6.498E-4
29.197	-5.917E-4	-3.248E-4
29.228	-6.840E-4	-6.397E-5
29.260	-4.393E-4	2.728E-4
29.292	1.209E-4	5.613E-4
29.323	9.778E-4	9.507E-4
29.355	1.436E-3	1.365E-3
29.387	1.830E-3	1.763E-3
29.418	2.084E-3	1.888E-3
29.450	2.202E-3	1.942E-3
29.482	2.093E-3	1.846E-3
29.513	1.733E-3	1.478E-3
29.545	1.567E-3	1.383E-3
29.577	9.578E-4	8.895E-4
29.608	2.419E-4	5.938E-4
29.640	-6.380E-4	1.303E-4
29.672	-7.070E-4	-2.091E-4
29.703	-1.898E-6	-5.655E-4
29.735	8.918E-4	-9.343E-4
29.767	1.444E-3	-1.547E-3
29.798	1.656E-3	-2.072E-3
29.830	1.709E-3	-2.099E-3
29.862	1.711E-3	-2.186E-3
29.893	9.441E-4	-2.266E-3
29.925	1.417E-3	-1.320E-3
29.957	-1.193E-4	-1.397E-3
29.988	-2.379E-4	-1.202E-3
30.020	-4.059E-4	-1.611E-4
30.052	-1.108E-4	2.706E-4
30.083	-6.686E-5	4.601E-4
30.115	4.576E-4	9.249E-4
30.147	8.465E-4	1.237E-3
30.178	1.017E-3	1.530E-3
30.210	1.467E-3	1.741E-3
30.242	1.656E-3	1.826E-3
30.273	1.828E-3	1.912E-3
30.305	1.795E-3	1.713E-3
30.337	1.570E-3	1.415E-3
30.368	8.334E-4	9.844E-4
30.400	3.749E-4	7.128E-4
30.432	-9.893E-4	1.767E-5
30.463	-1.337E-3	-3.052E-4
30.495	-1.216E-3	-3.933E-4
30.527	-1.526E-4	-6.200E-4
30.558	7.071E-4	-1.008E-3
30.590	1.127E-3	-1.640E-3
30.622	1.356E-3	-2.072E-3
30.653	1.388E-3	-2.102E-3
30.685	9.937E-4	-2.197E-3
30.717	7.605E-4	-1.993E-3
30.748	2.089E-4	-1.498E-3
30.780	-5.641E-4	-1.053E-3
30.812	-9.101E-4	-9.457E-4
30.843	-1.394E-3	-5.381E-4
30.875	-7.177E-4	-2.256E-4
30.907	-1.422E-4	1.605E-4
30.938	2.362E-4	5.379E-4
30.970	1.056E-3	1.136E-3
31.002	1.416E-3	1.446E-3
31.033	1.703E-3	1.826E-3
31.065	1.886E-3	1.795E-3
31.097	1.807E-3	1.587E-3
31.128	1.669E-3	1.564E-3
31.160	1.302E-3	1.154E-3
31.192	1.223E-3	1.091E-3
31.223	4.033E-4	6.874E-4
31.255	-4.201E-4	2.299E-4
31.287	-8.680E-4	-1.603E-4
31.318	-4.889E-4	-5.678E-4
31.350	3.659E-4	-1.023E-3
31.382	1.031E-3	-1.459E-3
31.413	1.307E-3	-1.783E-3
31.445	2.091E-3	-1.695E-3
31.477	2.053E-3	-1.749E-3
31.508	1.861E-3	-1.790E-3
31.540	1.410E-3	-1.749E-3
31.572	8.070E-4	-1.398E-3
31.603	2.523E-4	-8.799E-4
31.635	-3.932E-4	-4.671E-4
31.667	-7.225E-4	-6.261E-5
31.698	-2.409E-5	3.605E-4
31.730	1.688E-4	4.246E-4
31.762	3.271E-4	6.261E-4
31.793	7.029E-4	9.756E-4
31.825	1.184E-3	1.297E-3
31.857	1.600E-3	1.616E-3
31.888	2.173E-3	1.883E-3
31.920	2.229E-3	1.766E-3
31.952	2.027E-3	1.650E-3
31.983	1.611E-3	1.336E-3
32.015	9.556E-4	8.631E-4
32.047	8.066E-5	4.304E-4
32.078	-3.352E-4	3.176E-4
32.110	-7.873E-4	-9.891E-5
32.142	-3.479E-4	-3.917E-4
32.173	2.014E-4	-1.173E-3
32.205	1.002E-3	-1.543E-3
32.237	1.423E-3	-1.930E-3
32.268	1.786E-3	-2.009E-3
32.300	1.691E-3	-2.167E-3
32.332	1.486E-3	-1.964E-3
32.363	1.037E-3	-1.575E-3
32.395	8.043E-4	-1.461E-3
32.427	-1.801E-4	-1.143E-3
32.458	-7.636E-4	-7.343E-4
32.490	-9.265E-4	-3.073E-4
32.522	-5.803E-4	1.610E-4
32.553	1.829E-5	6.027E-4
32.585	4.283E-4	8.042E-4
32.617	9.449E-4	1.307E-3
32.648	1.187E-3	1.675E-3
32.680	1.561E-3	1.624E-3
32.712	1.910E-3	1.941E-3
32.743	1.969E-3	1.680E-3
32.775	1.506E-3	1.243E-3
32.807	1.451E-3	1.328E-3
32.838	6.925E-4	7.170E-4
32.870	-1.614E-4	1.725E-4
32.902	-8.179E-4	-1.856E-4
32.933	-8.676E-4	-5.383E-4
32.965	-1.439E-4	-7.389E-4
32.997	8.424E-4	-1.088E-3
33.028	1.188E-3	-1.549E-3
33.060	1.802E-3	-1.786E-3
33.092	1.986E-3	-1.883E-3
33.123	1.870E-3	-2.114E-3
33.155	1.627E-3	-2.049E-3
33.187	1.236E-3	-1.541E-3
33.218	7.007E-4	-1.089E-3
33.250	1.008E-4	-6.097E-4
33.282	-3.012E-4	-2.972E-4
33.313	-1.540E-4	1.113E-4
33.345	8.394E-5	3.570E-4
33.377	6.017E-4	7.473E-4
33.408	1.006E-3	1.039E-3
33.440	1.331E-3	1.303E-3
33.472	1.503E-3	1.825E-3
33.503	1.871E-3	1.944E-3
33.535	2.060E-3	1.856E-3
33.567	2.127E-3	1.958E-3
33.598	1.905E-3	1.660E-3
33.630	1.506E-3	1.240E-3
33.662	1.189E-3	1.178E-3
33.693	3.238E-4	6.504E-4
33.725	-2.819E-4	3.959E-4
33.757	-4.390E-4	-7.390E-5
33.788	1.666E-4	-5.874E-4
33.820	1.154E-3	-8.686E-4
33.852	1.855E-3	-1.087E-3
33.883	2.114E-3	-1.544E-3
33.915	2.174E-3	-1.726E-3
33.947	1.950E-3	-1.735E-3
33.978	1.799E-3	-1.810E-3
34.010	1.476E-3	-1.317E-3
34.042	8.974E-4	-9.127E-4
34.073	2.860E-4	-4.190E-4
34.105	-7.248E-4	-2.718E-4
34.137	-7.275E-4	-5.276E-6
34.168	-2.165E-4	3.752E-4
34.200	2.288E-4	6.029E-4
34.232	6.352E-4	1.189E-3
34.263	1.061E-3	1.570E-3
34.295	1.233E-3	1.684E-3
34.327	1.703E-3	1.915E-3
34.358	1.176E-3	1.514E-3
34.390	1.204E-3	1.539E-3
34.422	1.131E-3	1.356E-3
34.453	6.725E-4	6.835E-4
34.485	-3.372E-5	3.115E-4
34.517	-9.701E-4	-6.589E-5
34.548	-1.220E-3	-7.197E-5
34.580	-9.956E-4	-4.133E-4
34.612	-7.037E-4	-1.141E-3
34.643	1.800E-4	-1.438E-3
34.675	8.895E-4	-1.575E-3
34.707	1.113E-3	-2.076E-3
34.738	1.123E-3	-2.564E-3
34.770	1.063E-3	-2.244E-3
34.802	8.092E-4	-1.960E-3
34.833	3.849E-4	-1.764E-3
34.865	-3.636E-4	-1.342E-3
34.897	-1.064E-3	-8.217E-4
34.928	-1.236E-3	-4.704E-4
34.960	-1.059E-3	-1.495E-4
34.992	-7.652E-4	8.568E-5
35.023	-1.971E-4	3.372E-4
35.055	2.928E-4	1.032E-3
35.087	1.545E-3	1.581E-3
35.118	1.796E-3	1.682E-3
35.150	1.973E-3	1.999E-3
35.182	1.129E-3	1.627E-3
35.213	1.530E-3	1.442E-3
35.245	1.378E-3	1.448E-3
35.277	1.035E-3	9.861E-4
35.308	3.911E-4	6.705E-4
35.340	-3.515E-4	2.203E-4
35.372	-1.555E-3	-2.984E-4
35.403	-1.567E-3	-4.728E-4
35.435	-5.807E-4	-1.061E-3
35.467	1.009E-3	-1.291E-3
35.498	2.044E-3	-1.587E-3
35.530	2.032E-3	-1.906E-3
35.562	1.418E-3	-2.278E-3
35.593	1.304E-3	-2.101E-3
35.625	1.030E-3	-1.861E-3
35.657	6.287E-4	-1.513E-3
35.688	3.626E-5	-1.057E-3
35.720	-5.081E-4	-5.565E-4
35.752	-7.259E-4	-9.871E-5
35.783	-5.190E-4	2.716E-4
35.815	-3.158E-5	6.543E-4
35.847	4.616E-4	9.734E-4
35.878	6.352E-4	1.158E-3
35.910	1.092E-3	1.568E-3
35.942	1.570E-3	1.788E-3
35.973	1.850E-3	1.913E-3
36.005	1.881E-3	1.857E-3
36.037	1.589E-3	1.565E-3
36.068	1.281E-3	1.236E-3
36.100	7.405E-4	8.665E-4
36.132	-3.866E-5	4.009E-4
36.163	-7.184E-4	1.567E-5
36.195	-8.915E-4	-8.771E-5
36.227	-5.423E-4	-3.780E-4
36.258	3.200E-4	-7.718E-4
36.290	1.033E-3	-1.283E-3
36.322	1.568E-3	-1.727E-3
36.353	1.561E-3	-2.014E-3
36.385	1.432E-3	-2.107E-3
36.417	1.219E-3	-2.076E-3
36.448	9.407E-4	-1.687E-3
36.480	4.697E-4	-1.114E-3
36.512	1.694E-4	-9.664E-4
36.543	-4.314E-4	-5.659E-4
36.575	-6.744E-4	-9.453E-5
36.607	-4.605E-4	2.512E-4
36.638	1.977E-5	6.603E-4
36.670	4.986E-4	9.739E-4
36.702	9.050E-4	1.383E-3
36.733	1.270E-3	1.712E-3
36.765	1.716E-3	1.851E-3
36.797	1.912E-3	1.854E-3
36.828	1.944E-3	1.852E-3
36.860	1.638E-3	1.571E-3
36.892	1.302E-3	1.299E-3
36.923	6.828E-4	9.035E-4
36.955	-6.822E-5	4.555E-4
36.987	-7.273E-4	4.409E-5
37.018	-1.022E-3	-3.841E-4
37.050	-2.681E-4	-7.341E-4
37.082	5.402E-4	-1.167E-3
37.113	1.168E-3	-1.497E-3
37.145	1.311E-3	-1.844E-3
37.177	1.464E-3	-2.011E-3
37.208	1.412E-3	-2.040E-3
37.240	1.221E-3	-2.041E-3
37.272	9.334E-4	-1.642E-3
37.303	4.376E-4	-1.085E-3
37.335	-1.704E-4	-5.918E-4
37.367	-6.418E-4	-2.367E-4
37.398	-6.323E-4	1.333E-4
37.430	-2.488E-4	4.358E-4
37.462	2.611E-5	6.330E-4
37.493	4.616E-4	1.039E-3
37.525	9.406E-4	1.396E-3
37.557	1.365E-3	1.648E-3
37.588	1.787E-3	1.890E-3
37.620	1.967E-3	1.884E-3
37.652	1.883E-3	1.742E-3
37.683	1.555E-3	1.510E-3
37.715	1.029E-3	1.135E-3
37.747	3.326E-4	6.085E-4
37.778	-5.153E-5	4.809E-4
37.810	-7.461E-4	2.757E-5
37.842	-1.113E-3	-4.134E-4
37.873	-3.160E-4	-6.542E-4
37.905	-3.767E-5	-1.344E-3
37.937	8.351E-4	-1.609E-3
37.968	1.502E-3	-1.781E-3
38.000	1.419E-3	-2.073E-3
38.032	1.332E-3	-2.046E-3
38.063	1.160E-3	-1.755E-3
38.095	1.073E-3	-1.584E-3
38.127	3.491E-4	-1.204E-3
38.158	-6.108E-4	-7.971E-4
38.190	-1.151E-3	-4.380E-4
38.222	-1.228E-3	-6.775E-5
38.253	-9.541E-4	1.909E-4
38.285	-4.735E-4	5.187E-4
38.317	-1.690E-5	1.013E-3
38.348	4.896E-4	1.384E-3
38.380	9.930E-4	1.588E-3
38.412	1.195E-3	1.760E-3
38.443	1.328E-3	1.649E-3
38.475	1.234E-3	1.622E-3
38.507	1.107E-3	1.415E-3
38.538	6.212E-4	9.548E-4
38.570	-1.229E-4	4.591E-4
38.602	-8.170E-4	2.233E-4
38.633	-1.221E-3	-6.968E-5
38.665	-9.189E-4	-4.640E-4
38.697	-5.004E-5	-8.564E-4
38.728	4.978E-4	-1.464E-3
38.760	6.513E-4	-1.542E-3
38.792	1.442E-3	-1.781E-3
38.823	1.390E-3	-2.129E-3
38.855	1.331E-3	-2.013E-3
38.887	2.653E-4	-1.969E-3
38.918	9.521E-4	-1.345E-3
38.950	4.355E-4	-9.401E-4
38.982	-2.048E-4	-4.753E-4
39.013	-5.571E-4	-1.577E-4
39.045	-3.839E-4	2.814E-4
39.077	-2.328E-4	5.053E-4
39.108	2.337E-4	7.110E-4
39.140	7.300E-4	1.210E-3
39.172	1.244E-3	1.618E-3
39.203	1.712E-3	1.740E-3
39.235	2.004E-3	1.905E-3
39.267	2.008E-3	1.938E-3
39.298	1.760E-3	1.570E-3
39.330	1.249E-3	1.271E-3
39.362	6.062E-4	9.553E-4
39.393	2.720E-4	5.225E-4
39.425	-5.635E-4	2.012E-4
39.457	-9.758E-4	1.131E-6
39.488	-1.335E-3	-5.888E-4
39.520	-4.445E-4	-9.167E-4
39.552	3.477E-4	-1.467E-3
39.583	1.460E-3	-1.848E-3
39.615	1.597E-3	-1.957E-3
39.647	1.570E-3	-1.962E-3
39.678	1.418E-3	-2.042E-3
39.710	1.283E-3	-1.701E-3
39.742	9.159E-4	-1.396E-3
39.773	3.084E-4	-9.905E-4
39.805	-4.166E-4	-5.312E-4
39.837	-7.004E-4	-9.838E-5
39.868	-4.429E-4	1.977E-4
39.900	2.217E-4	7.488E-4
39.932	7.226E-4	1.094E-3
39.963	1.208E-3	1.273E-3
39.995	1.571E-3	1.845E-3
40.027	1.708E-3	1.734E-3
40.058	1.909E-3	1.972E-3
40.090	1.924E-3	1.933E-3
40.122	1.748E-3	1.523E-3
40.153	1.297E-3	1.364E-3
40.185	7.715E-4	9.285E-4
40.217	4.132E-5	4.910E-4
40.248	-6.185E-4	1.030E-4
40.280	-1.057E-3	-3.545E-4
40.312	-5.326E-4	-7.924E-4
40.343	-9.014E-5	-8.261E-4
40.375	7.605E-4	-1.349E-3
40.407	1.196E-3	-1.925E-3
40.438	1.359E-3	-2.072E-3
40.470	9.918E-4	-2.339E-3
40.502	8.127E-4	-2.391E-3
40.533	5.769E-4	-1.845E-3
40.565	4.388E-5	-1.254E-3
40.597	-6.950E-4	-8.553E-4
40.628	-1.075E-3	-3.902E-4
40.660	-1.021E-3	-6.512E-5
40.692	-1.084E-3	5.268E-5
40.723	-4.599E-4	4.205E-4
40.755	2.294E-5	6.602E-4
40.787	3.865E-4	1.111E-3
40.818	7.604E-4	1.580E-3
40.850	9.732E-4	1.625E-3
40.882	1.110E-3	1.700E-3
40.913	9.943E-4	1.674E-3
40.945	7.908E-4	1.235E-3
40.977	5.440E-4	1.129E-3
41.008	2.212E-5	5.715E-4
41.040	-7.168E-4	1.125E-4
41.072	-1.409E-3	-2.361E-4
41.103	-1.504E-3	-4.781E-4
41.135	-9.310E-4	-7.983E-4
41.167	-6.410E-5	-1.146E-3
41.198	1.324E-3	-1.397E-3
41.230	2.074E-3	-1.829E-3
41.262	1.667E-3	-2.121E-3
41.293	1.323E-3	-2.273E-3
41.325	1.339E-3	-2.073E-3
41.357	1.012E-3	-1.664E-3
41.388	4.233E-4	-1.108E-3
41.420	-2.051E-4	-7.072E-4
41.452	-6.774E-4	-3.561E-4
41.483	-6.780E-4	-3.669E-5
41.515	-2.663E-4	2.826E-4
41.547	2.568E-4	8.356E-4
41.578	7.147E-4	1.301E-3
41.610	8.674E-4	1.443E-3
41.642	1.219E-3	1.819E-3
41.673	1.569E-3	1.795E-3
41.705	1.151E-3	1.797E-3
41.737	1.879E-3	1.910E-3
41.768	1.580E-3	1.459E-3
41.800	1.134E-3	1.096E-3
41.832	4.763E-4	8.116E-4
41.863	-8.022E-4	2.037E-4
41.895	-1.549E-3	-3.754E-4
41.927	-1.236E-3	-3.461E-4
41.958	-4.456E-4	-5.607E-4
41.990	3.936E-4	-1.025E-3
42.022	8.781E-4	-1.470E-3
42.053	1.072E-3	-1.957E-3
42.085	1.029E-3	-2.249E-3
42.117	8.961E-4	-2.105E-3
42.148	7.296E-4	-1.785E-3
42.180	4.092E-4	-1.470E-3
42.212	-7.157E-5	-9.712E-4
42.243	-3.800E-4	-6.774E-4
42.275	-8.208E-4	-3.579E-4
42.307	-7.842E-4	2.281E-5
42.338	-4.667E-4	2.525E-4
42.370	-1.128E-4	6.596E-4
42.402	2.868E-4	1.214E-3
42.433	7.450E-4	1.422E-3
42.465	1.074E-3	1.677E-3
42.497	1.420E-3	1.884E-3
42.528	1.542E-3	1.707E-3
42.560	1.674E-3	1.797E-3
42.592	1.236E-3	1.273E-3
42.623	6.607E-4	8.665E-4
42.655	-9.153E-5	5.451E-4
42.687	-9.073E-4	1.055E-4
42.718	-1.186E-3	-2.191E-4
42.750	-7.131E-4	-4.992E-4
42.782	1.409E-4	-9.118E-4
42.813	8.722E-4	-1.375E-3
42.845	1.182E-3	-1.840E-3
42.877	1.297E-3	-2.014E-3
42.908	1.312E-3	-2.195E-3
42.940	1.249E-3	-2.049E-3
42.972	9.524E-4	-1.864E-3
43.003	5.366E-4	-1.542E-3
43.035	6.535E-6	-1.031E-3
43.067	-6.392E-4	-5.637E-4
43.098	-9.307E-4	-2.154E-4
43.130	-8.856E-4	1.372E-4
43.162	2.101E-5	5.793E-4
43.193	6.198E-4	1.024E-3
43.225	7.456E-4	1.215E-3
43.257	1.183E-3	1.533E-3
43.288	1.614E-3	1.768E-3
43.320	1.889E-3	1.909E-3
43.352	1.897E-3	1.846E-3
43.383	1.658E-3	1.559E-3
43.415	1.328E-3	1.451E-3
43.447	5.309E-4	8.857E-4
43.478	-2.431E-4	3.448E-4
43.510	-6.479E-4	2.853E-4
43.542	-9.726E-4	-5.848E-5
43.573	-6.540E-4	-4.363E-4
43.605	1.446E-4	-7.944E-4
43.637	8.215E-4	-1.293E-3
43.668	9.934E-4	-1.813E-3
43.700	1.093E-3	-2.015E-3
43.732	1.077E-3	-2.022E-3
43.763	8.928E-4	-2.012E-3
43.795	6.185E-4	-1.702E-3
43.827	5.359E-4	-1.368E-3
43.858	6.233E-5	-9.952E-4
43.890	-3.720E-4	-5.367E-4
43.922	-6.943E-4	-2.133E-4
43.953	-5.615E-4	2.012E-4
43.985	-1.428E-4	6.268E-4
44.017	3.483E-4	1.034E-3
44.048	8.383E-4	1.360E-3
44.080	1.454E-3	1.733E-3
44.112	1.830E-3	1.910E-3
44.143	2.006E-3	1.907E-3
44.175	2.056E-3	1.907E-3
44.207	1.796E-3	1.616E-3
44.238	1.323E-3	1.275E-3
44.270	7.872E-5	8.055E-4
44.302	-6.116E-4	2.809E-4
44.333	-1.091E-3	-3.429E-5
44.365	-1.050E-3	-3.919E-4
44.397	-4.513E-4	-8.183E-4
44.428	3.756E-4	-1.170E-3
44.460	6.785E-4	-1.286E-3
44.492	9.605E-4	-1.849E-3
44.523	9.367E-4	-2.157E-3
44.555	1.226E-3	-1.930E-3
44.587	1.054E-3	-1.986E-3
44.618	1.013E-3	-1.644E-3
44.650	6.575E-4	-1.079E-3
44.682	1.381E-4	-5.298E-4
44.713	-3.751E-4	-7.254E-5
44.745	-5.694E-4	2.283E-4
44.777	-4.542E-4	1.742E-4
44.808	-5.830E-5	6.594E-4
44.840	3.453E-4	1.067E-3
44.872	9.335E-4	1.380E-3
44.903	1.426E-3	1.674E-3
44.935	1.825E-3	1.996E-3
44.967	2.031E-3	1.853E-3
44.998	1.995E-3	1.796E-3
45.030	1.494E-3	1.628E-3
45.062	9.191E-4	1.040E-3
45.093	5.699E-4	1.041E-3
45.125	-6.941E-5	5.760E-4
45.157	-7.880E-4	7.982E-5
45.188	-8.185E-4	-3.311E-4
45.220	-1.812E-4	-7.619E-4
45.252	6.053E-4	-1.143E-3
45.283	1.091E-3	-1.516E-3
45.315	1.246E-3	-1.666E-3
45.347	1.213E-3	-2.101E-3
45.378	1.146E-3	-2.155E-3
45.410	1.160E-3	-1.872E-3
45.442	8.315E-4	-1.775E-3
45.473	5.277E-4	-1.202E-3
45.505	-3.741E-5	-6.760E-4
45.537	-5.020E-4	-2.052E-4
45.568	-5.990E-4	1.753E-4
45.600	-3.246E-4	4.920E-4
45.632	1.178E-4	6.276E-4
45.663	6.319E-4	1.068E-3
45.695	1.095E-3	1.740E-3
45.727	1.331E-3	1.596E-3
45.758	1.035E-3	1.824E-3
45.790	1.271E-3	1.586E-3
45.822	1.255E-3	1.412E-3
45.853	9.578E-4	1.471E-3
45.885	5.439E-4	8.078E-4
45.917	-2.092E-4	3.143E-4
45.948	-1.049E-3	-6.616E-5
45.980	-1.150E-3	-1.242E-4
46.012	-8.793E-4	-3.825E-4
46.043	-5.131E-4	-8.157E-4
46.075	3.700E-4	-1.256E-3
46.107	9.437E-4	-1.578E-3
46.138	1.005E-3	-1.835E-3
46.170	8.586E-4	-2.360E-3
46.202	7.546E-4	-2.394E-3
46.233	4.875E-4	-1.981E-3
46.265	5.414E-4	-1.436E-3
46.297	-2.960E-4	-1.147E-3
46.328	-6.574E-4	-6.996E-4
46.360	-8.554E-4	-2.653E-4
46.392	-9.299E-4	7.670E-5
46.423	-5.451E-4	3.370E-4
46.455	-1.256E-5	6.102E-4
46.487	1.548E-4	8.407E-4
46.518	5.385E-4	1.423E-3
46.550	1.722E-3	1.789E-3
46.582	1.234E-3	1.627E-3
46.613	1.323E-3	1.765E-3
46.645	1.070E-3	1.389E-3
46.677	9.163E-4	1.444E-3
46.708	1.219E-3	1.178E-3
46.740	-2.576E-4	3.008E-4
46.772	-1.090E-3	-5.692E-5
46.803	-1.259E-3	-2.405E-4
46.835	-1.056E-3	-4.680E-4
46.867	-4.660E-4	-9.426E-4
46.898	3.669E-4	-1.288E-3
46.930	1.421E-3	-1.811E-3
46.962	1.647E-3	-2.127E-3
46.993	1.672E-3	-2.126E-3
47.025	1.613E-3	-2.182E-3
47.057	1.408E-3	-1.717E-3
47.088	9.335E-4	-1.404E-3
47.120	-4.367E-4	-1.177E-3
47.152	-1.104E-3	-8.830E-4
47.183	-1.276E-3	-4.239E-4
47.215	-1.017E-3	-7.470E-5
47.247	-5.513E-4	2.768E-4
47.278	-4.406E-5	8.945E-4
47.310	1.649E-4	7.440E-4
47.342	1.452E-3	1.759E-3
47.373	1.155E-3	1.533E-3
47.405	1.381E-3	1.594E-3
47.437	1.465E-3	1.829E-3
47.468	1.451E-3	1.416E-3
47.500	1.129E-3	1.067E-3
47.532	7.956E-4	9.593E-4
47.563	1.619E-4	4.903E-4
47.595	-6.653E-4	4.336E-5
47.627	-8.802E-4	-1.210E-4
47.658	-6.638E-4	-4.243E-4
47.690	1.329E-4	-7.629E-4
47.722	1.039E-3	-1.229E-3
47.753	1.605E-3	-1.705E-3
47.785	1.885E-3	-2.105E-3
47.817	1.909E-3	-2.128E-3
47.848	1.777E-3	-2.139E-3
47.880	1.461E-3	-1.823E-3
47.912	9.473E-4	-1.225E-3
47.943	5.068E-4	-1.019E-3
47.975	-4.515E-4	-6.710E-4
48.007	-8.333E-4	-3.178E-4
48.038	-5.030E-4	8.136E-5
48.070	2.642E-4	4.513E-4
48.102	9.312E-4	9.162E-4
48.133	1.472E-3	1.185E-3
48.165	1.824E-3	1.564E-3
48.197	2.028E-3	1.853E-3
48.228	2.016E-3	1.746E-3
48.260	1.935E-3	1.855E-3
48.292	1.632E-3	1.500E-3
48.323	1.374E-3	1.229E-3
48.355	3.811E-4	6.331E-4
48.387	-1.554E-4	1.114E-4
48.418	-6.813E-4	-2.087E-4
48.450	-8.733E-4	-6.143E-4
48.482	-4.765E-4	-8.803E-4
48.513	3.753E-4	-1.294E-3
48.545	1.035E-3	-1.719E-3
48.577	1.268E-3	-2.037E-3
48.608	1.648E-3	-2.361E-3
48.640	1.868E-3	-2.343E-3
48.672	1.867E-3	-2.398E-3
48.703	1.617E-3	-1.984E-3
48.735	1.079E-3	-1.382E-3
48.767	8.332E-5	-8.174E-4
48.798	-7.981E-4	-4.120E-4
48.830	-8.702E-4	-7.629E-5
48.862	-2.922E-4	2.778E-4
48.893	1.867E-4	5.210E-4
48.925	9.669E-4	8.338E-4
48.957	1.522E-3	1.107E-3
48.988	1.940E-3	1.538E-3
49.020	2.079E-3	1.714E-3
49.052	1.958E-3	1.688E-3
49.083	1.703E-3	1.672E-3
49.115	1.310E-3	1.363E-3
49.147	9.459E-4	9.227E-4
49.178	4.792E-4	4.924E-4
49.210	2.339E-4	2.407E-4
49.242	-3.537E-4	-7.358E-5
49.273	-6.262E-4	-4.121E-4
49.305	-2.470E-4	-7.589E-4
49.337	4.198E-4	-1.193E-3
49.368	1.091E-3	-1.689E-3
49.400	1.467E-3	-2.147E-3
49.432	1.731E-3	-2.393E-3
49.463	1.843E-3	-2.361E-3
49.495	1.744E-3	-2.221E-3
49.527	1.620E-3	-1.904E-3
49.558	1.076E-3	-1.496E-3
49.590	1.406E-4	-9.494E-4
49.622	-7.807E-4	-4.775E-4
49.653	-9.978E-4	-1.596E-4
49.685	-4.161E-4	1.998E-4
49.717	9.461E-4	9.604E-4
49.748	1.924E-3	1.407E-3
49.780	2.237E-3	1.673E-3
49.812	2.547E-3	2.080E-3
49.843	2.587E-3	2.107E-3
49.875	2.467E-3	2.153E-3
49.907	2.115E-3	2.046E-3
49.938	1.648E-3	1.682E-3
49.970	1.220E-3	1.270E-3
50.002	7.723E-4	8.096E-4
50.033	2.494E-4	4.324E-4
50.065	-1.573E-4	1.490E-4
50.097	-9.671E-5	-2.823E-4
50.128	3.354E-4	-7.525E-4
50.160	6.316E-4	-9.018E-4
50.192	1.127E-3	-1.398E-3
50.223	1.414E-3	-1.776E-3
50.255	1.548E-3	-2.050E-3
50.287	1.656E-3	-2.049E-3
50.318	1.581E-3	-1.861E-3
50.350	1.289E-3	-1.371E-3
50.382	6.041E-4	-8.823E-4
50.413	-3.032E-4	-4.714E-4
50.445	-9.095E-4	-9.779E-5
50.477	-8.807E-4	1.927E-5
50.508	2.521E-5	5.575E-4
50.540	7.363E-4	9.643E-4
50.572	1.356E-3	1.335E-3
50.603	1.812E-3	1.574E-3
50.635	2.052E-3	1.802E-3
50.667	2.187E-3	1.993E-3
50.698	2.013E-3	1.816E-3
50.730	1.564E-3	1.623E-3
50.762	1.170E-3	1.414E-3
50.793	9.554E-4	1.071E-3
50.825	4.566E-4	7.978E-4
50.857	-1.659E-4	4.003E-4
50.888	-6.144E-4	1.680E-5
50.920	-5.509E-4	-4.143E-4
50.952	-1.075E-5	-8.764E-4
50.983	5.189E-4	-1.439E-3
51.015	9.315E-4	-1.811E-3
51.047	9.613E-4	-1.990E-3
51.078	1.323E-3	-2.192E-3
51.110	1.363E-3	-2.033E-3
51.142	1.216E-3	-1.899E-3
51.173	9.513E-4	-1.585E-3
51.205	3.136E-4	-9.990E-4
51.237	-5.082E-4	-5.861E-4
51.268	-9.876E-4	-1.519E-4
51.300	-7.314E-4	1.657E-4
51.332	-2.564E-5	5.718E-4
51.363	6.631E-4	9.535E-4
51.395	1.273E-3	1.299E-3
51.427	1.569E-3	1.530E-3
51.458	1.798E-3	1.761E-3
51.490	1.934E-3	1.881E-3
51.522	1.350E-3	1.767E-3
51.553	1.134E-3	1.530E-3
51.585	8.436E-4	1.209E-3
51.617	4.965E-4	8.001E-4
51.648	-3.792E-4	1.993E-4
51.680	-9.541E-4	-2.753E-4
51.712	-1.033E-3	-5.285E-4
51.743	-9.424E-4	-6.710E-4
51.775	-3.632E-4	-1.108E-3
51.807	3.388E-4	-1.489E-3
51.838	9.574E-4	-1.871E-3
51.870	1.311E-3	-2.283E-3
51.902	1.542E-3	-2.453E-3
51.933	1.623E-3	-2.304E-3
51.965	1.645E-3	-1.892E-3
51.997	1.133E-3	-1.434E-3
52.028	2.901E-4	-8.275E-4
52.060	-2.601E-4	-5.641E-4
52.092	-1.244E-3	-4.242E-4
52.123	-9.389E-4	-1.305E-4
52.155	-1.703E-4	2.261E-4
52.187	6.904E-4	6.572E-4
52.218	1.707E-3	1.158E-3
52.250	2.137E-3	1.564E-3
52.282	2.223E-3	1.744E-3
52.313	2.110E-3	1.743E-3
52.345	1.903E-3	1.834E-3
52.377	1.170E-3	1.318E-3
52.408	7.495E-4	1.067E-3
52.440	3.547E-4	5.925E-4
52.472	-1.043E-4	1.420E-4
52.503	-5.766E-4	-2.199E-4
52.535	-8.650E-4	-5.956E-4
52.567	-6.084E-4	-9.182E-4
52.598	-9.847E-6	-1.374E-3
52.630	8.836E-4	-1.602E-3
52.662	1.185E-3	-2.101E-3
52.693	1.201E-3	-2.340E-3
52.725	1.421E-3	-2.393E-3
52.757	1.391E-3	-2.367E-3
52.788	1.567E-3	-1.813E-3
52.820	1.021E-3	-1.351E-3
52.852	7.989E-5	-7.919E-4
52.883	-8.492E-4	-4.143E-4
52.915	-1.102E-3	-4.006E-5
52.947	-6.698E-4	3.087E-4
52.978	7.385E-5	5.785E-4
53.010	4.025E-4	8.049E-4
53.042	9.938E-4	1.231E-3
53.073	1.914E-3	1.590E-3
53.105	2.023E-3	1.828E-3
53.137	1.922E-3	1.884E-3
53.168	1.589E-3	1.736E-3
53.200	1.098E-3	1.448E-3
53.232	7.169E-4	1.128E-3
53.263	2.623E-4	6.298E-4
53.295	-2.377E-4	2.225E-4
53.327	-5.129E-4	1.418E-4
53.358	-7.637E-4	-2.367E-4
53.390	-4.314E-4	-5.905E-4
53.422	2.467E-4	-1.051E-3
53.453	7.726E-4	-1.603E-3
53.485	1.144E-3	-1.953E-3
53.517	1.172E-3	-2.128E-3
53.548	2.017E-3	-2.065E-3
53.580	1.989E-3	-1.769E-3
53.612	1.646E-3	-1.279E-3
53.643	1.444E-3	-9.671E-4
53.675	5.702E-4	-4.405E-4
53.707	-2.408E-4	4.677E-5
53.738	-4.067E-4	4.520E-4
53.770	5.427E-5	6.555E-4
53.802	8.173E-4	9.666E-4
53.833	1.421E-3	1.266E-3
53.865	1.869E-3	1.752E-3
53.897	1.608E-3	1.755E-3
53.928	1.701E-3	1.804E-3
53.960	1.679E-3	1.908E-3
53.992	1.487E-3	1.706E-3
54.023	1.120E-3	1.543E-3
54.055	7.523E-4	1.149E-3
54.087	2.032E-4	6.037E-4
54.118	-4.036E-4	1.946E-4
54.150	-9.477E-4	-1.203E-4
54.182	-7.655E-4	-4.703E-4
54.213	-1.772E-4	-8.199E-4
54.245	5.487E-4	-1.201E-3
54.277	8.683E-4	-1.578E-3
54.308	1.224E-3	-1.784E-3
54.340	1.408E-3	-2.071E-3
54.372	1.398E-3	-2.194E-3
54.403	1.253E-3	-1.871E-3
54.435	9.470E-4	-1.398E-3
54.467	-3.862E-4	-1.144E-3
54.498	-9.009E-4	-6.251E-4
54.530	-1.799E-3	-3.063E-4
54.562	-2.154E-3	1.087E-4
54.593	-2.218E-3	5.435E-4
54.625	-2.453E-3	7.778E-4
54.657	-3.096E-3	1.103E-3
54.688	-3.025E-3	1.644E-3
54.720	-2.803E-3	1.941E-3
54.752	-2.361E-3	1.971E-3
54.783	-1.393E-3	2.020E-3
54.815	-3.534E-4	1.941E-3
54.847	5.246E-5	1.417E-3
54.878	-1.495E-6	1.327E-3
54.910	-1.077E-3	8.892E-4
54.942	-2.003E-3	3.706E-4
54.973	-2.450E-3	1.391E-4
55.005	-1.858E-3	-3.058E-4
55.037	-3.041E-4	-5.280E-4
55.068	1.056E-3	-5.888E-4
