0.000	1.149E-4	1.169E-4
0.032	1.067E-4	9.747E-5
0.063	1.094E-4	9.255E-5
0.095	1.927E-6	1.138E-4
0.127	-9.448E-7	1.165E-4
0.158	1.467E-4	1.172E-4
0.190	2.024E-4	1.182E-4
0.222	1.990E-4	1.188E-4
0.253	1.776E-4	1.156E-4
0.285	1.714E-4	9.331E-5
0.317	1.739E-4	8.896E-5
0.348	2.011E-4	8.806E-5
0.380	1.732E-4	9.165E-5
0.412	1.746E-4	8.258E-5
0.443	1.688E-4	8.614E-5
0.475	1.694E-4	9.119E-5
0.507	1.484E-4	8.254E-5
0.538	1.394E-4	8.940E-5
0.570	8.637E-5	8.311E-5
0.602	2.366E-5	3.295E-5
0.633	-6.628E-6	3.367E-5
0.665	-1.997E-5	-1.076E-5
0.697	-1.411E-4	-4.128E-5
0.728	-2.189E-4	-8.138E-5
0.760	-2.867E-4	-1.233E-4
0.792	-2.589E-4	-1.523E-4
0.823	-3.316E-4	-1.748E-4
0.855	-3.279E-4	-1.829E-4
0.887	-3.733E-4	-1.830E-4
0.918	-4.060E-4	-2.036E-4
0.950	-3.693E-4	-2.017E-4
0.982	2.842E-4	6.822E-5
1.013	2.648E-4	2.454E-5
1.045	2.002E-4	-2.782E-5
1.077	-4.067E-5	-1.139E-4
1.108	-3.911E-5	-9.164E-5
1.140	-8.693E-5	-1.145E-4
1.172	-1.869E-4	-1.200E-4
1.203	-3.242E-4	-1.791E-4
1.235	-3.995E-4	-2.030E-4
1.267	1.818E-4	-1.584E-4
1.298	1.743E-4	-1.499E-4
1.330	1.409E-4	-1.178E-4
1.362	1.242E-4	-1.276E-4
1.393	5.205E-5	-1.182E-4
1.425	-3.744E-5	-1.143E-4
1.457	-2.895E-5	-1.210E-4
1.488	-3.182E-5	-1.158E-4
1.520	-1.638E-5	-1.130E-4
1.552	-2.494E-5	-1.227E-4
1.583	-3.543E-5	-1.156E-4
1.615	-3.400E-5	-1.170E-4
1.647	-5.612E-5	-1.227E-4
1.678	-4.044E-5	-1.207E-4
1.710	-3.701E-5	-1.203E-4
1.742	-5.478E-5	-1.212E-4
1.773	-5.905E-5	-1.502E-4
1.805	-8.705E-5	-1.480E-4
1.837	-8.362E-5	-1.572E-4
1.868	-9.135E-5	-1.555E-4
1.900	1.129E-4	-2.671E-5
1.932	6.141E-5	-6.171E-5
1.963	2.866E-5	-8.943E-5
1.995	-2.259E-5	-1.529E-4
2.027	-5.728E-5	-1.801E-4
2.058	-6.093E-5	-2.044E-4
2.090	-5.332E-5	-2.149E-4
2.122	-5.272E-5	-2.140E-4
2.153	-6.388E-5	-2.058E-4
2.185	-4.920E-5	-2.177E-4
2.217	-5.412E-5	-2.113E-4
2.248	-4.076E-5	-2.018E-4
2.280	-9.035E-6	-1.762E-4
2.312	2.390E-5	-1.773E-4
2.343	2.740E-5	-1.776E-4
2.375	4.996E-5	-1.755E-4
2.407	2.385E-5	-1.773E-4
2.438	5.964E-5	-1.793E-4
2.470	5.814E-5	-1.798E-4
2.502	5.559E-5	-1.786E-4
2.533	3.571E-5	-1.823E-4
2.565	3.019E-5	-1.805E-4
2.597	-3.084E-7	-1.774E-4
2.628	-3.878E-5	-1.452E-4
2.660	-2.631E-5	-1.518E-4
2.692	-3.638E-5	-1.446E-4
2.723	-3.213E-5	-1.191E-4
2.755	-4.832E-5	-1.235E-4
2.787	-5.952E-5	-1.132E-4
2.818	-6.013E-5	-1.188E-4
2.850	-5.424E-5	-1.186E-4
2.882	-3.076E-4	-2.307E-4
2.913	-3.733E-4	-2.697E-4
2.945	-4.020E-4	-2.712E-4
2.977	-5.051E-4	-2.928E-4
3.008	-5.116E-4	-2.901E-4
3.040	-4.742E-4	-2.975E-4
3.072	-4.752E-4	-2.962E-4
3.103	-9.690E-5	-1.157E-4
3.135	-9.820E-5	-1.144E-4
3.167	-9.263E-5	-1.205E-4
3.198	-1.460E-4	-1.531E-4
3.230	-1.140E-4	-1.538E-4
3.262	-1.105E-4	-1.530E-4
3.293	-1.285E-4	-1.726E-4
3.325	-1.597E-4	-1.984E-4
3.357	-1.552E-4	-2.010E-4
3.388	-1.558E-4	-2.007E-4
3.420	-1.557E-4	-1.995E-4
3.452	-1.614E-4	-1.943E-4
3.483	-1.617E-4	-1.945E-4
3.515	-1.880E-4	-2.013E-4
3.547	-1.890E-4	-1.995E-4
3.578	-2.377E-4	-2.046E-4
3.610	-2.570E-4	-2.117E-4
3.642	-2.419E-4	-1.772E-4
3.673	-2.336E-4	-2.116E-4
3.705	-3.812E-4	-2.671E-4
3.737	-3.816E-4	-2.374E-4
3.768	-3.808E-4	-2.372E-4
3.800	-3.845E-4	-2.367E-4
3.832	-3.840E-4	-2.362E-4
3.863	-3.841E-4	-2.360E-4
3.895	-4.112E-4	-2.369E-4
3.927	-3.614E-4	-2.040E-4
3.958	-3.514E-4	-2.084E-4
3.990	-3.550E-4	-2.071E-4
4.022	-3.316E-4	-2.329E-4
4.053	-3.694E-4	-2.294E-4
4.085	-2.637E-4	-2.075E-4
4.117	-2.831E-4	-2.120E-4
4.148	-2.419E-4	-2.029E-4
4.180	-2.348E-4	-2.071E-4
4.212	-1.271E-4	-1.738E-4
4.243	-4.518E-5	-1.380E-4
4.275	-1.289E-5	-1.407E-4
4.307	-7.087E-6	-1.448E-4
4.338	2.755E-5	-9.123E-5
4.370	1.127E-5	-1.276E-4
4.402	-2.048E-5	-1.553E-4
4.433	-2.332E-5	-1.530E-4
4.465	-6.636E-5	-2.026E-4
4.497	-6.189E-5	-2.052E-4
4.528	-4.889E-5	-2.161E-4
4.560	-5.287E-5	-2.135E-4
4.592	-2.812E-5	-2.370E-4
4.623	-7.354E-5	-3.133E-4
4.655	-2.867E-5	-2.971E-4
4.687	-3.720E-5	-2.616E-4
4.718	-3.577E-5	-2.318E-4
4.750	-4.190E-5	-2.272E-4
4.782	-3.447E-5	-2.039E-4
4.813	-3.447E-5	-1.735E-4
4.845	-8.935E-5	-1.770E-4
4.877	-1.249E-4	-1.743E-4
4.908	-3.017E-5	-6.008E-5
4.940	-5.372E-5	-6.380E-6
4.972	-2.777E-5	5.688E-5
5.003	3.923E-6	8.121E-5
5.035	4.620E-6	8.273E-5
5.067	-1.042E-5	6.371E-5
5.098	-2.117E-5	4.950E-5
5.130	-2.001E-4	-1.520E-4
5.162	-2.325E-4	-2.367E-4
5.193	-2.173E-4	-3.201E-4
5.225	-2.130E-4	-4.105E-4
5.257	-2.747E-5	-3.839E-4
5.288	-1.228E-4	-5.270E-4
5.320	-8.133E-5	-5.355E-4
5.352	-8.045E-5	-5.347E-4
5.383	3.052E-5	-4.446E-4
5.415	2.052E-5	-3.466E-4
5.447	3.069E-5	-2.972E-4
5.478	2.644E-5	-2.332E-4
5.510	-9.361E-6	-2.276E-4
5.542	8.520E-6	-1.248E-4
5.573	4.649E-5	3.133E-5
5.605	6.109E-5	1.152E-4
5.637	1.084E-4	2.071E-4
5.668	1.511E-4	2.303E-4
5.700	1.642E-4	2.140E-4
5.732	1.688E-4	2.109E-4
5.763	1.806E-4	1.684E-4
5.795	1.314E-4	1.239E-4
5.827	9.225E-5	-9.146E-6
5.858	-2.007E-5	-2.488E-4
5.890	4.480E-5	-3.155E-4
5.922	9.665E-5	-4.479E-4
5.953	1.020E-4	-5.514E-4
5.985	5.127E-5	-6.707E-4
6.017	5.084E-5	-7.025E-4
6.048	7.809E-5	-6.440E-4
6.080	6.268E-5	-6.241E-4
6.112	7.197E-5	-5.226E-4
6.143	5.946E-5	-4.146E-4
6.175	3.564E-5	-2.706E-4
6.207	-8.037E-7	-9.063E-5
6.238	1.472E-5	3.636E-5
6.270	7.631E-5	1.817E-4
6.302	1.615E-4	2.999E-4
6.333	2.874E-4	3.818E-4
6.365	2.850E-4	4.465E-4
6.397	3.327E-4	4.057E-4
6.428	3.345E-4	3.148E-4
6.460	2.557E-4	2.382E-4
6.492	7.968E-5	1.214E-4
6.523	-6.448E-5	-2.867E-5
6.555	-1.199E-4	-2.079E-4
6.587	2.946E-5	-3.554E-4
6.618	1.433E-4	-5.583E-4
6.650	2.219E-4	-6.701E-4
6.682	2.849E-4	-7.630E-4
6.713	2.185E-4	-8.176E-4
6.745	1.428E-4	-8.240E-4
6.777	1.941E-4	-7.345E-4
6.808	2.083E-4	-6.295E-4
6.840	2.376E-4	-4.487E-4
6.872	1.964E-4	-1.973E-4
6.903	1.664E-4	2.744E-5
6.935	1.653E-4	2.633E-4
6.967	2.326E-4	4.079E-4
6.998	2.954E-4	3.847E-4
7.030	5.251E-4	5.888E-4
7.062	7.270E-4	7.098E-4
7.093	8.473E-4	6.737E-4
7.125	7.458E-4	4.606E-4
7.157	4.438E-4	3.482E-4
7.188	1.640E-4	2.065E-4
7.220	-1.506E-4	-2.840E-5
7.252	-2.054E-4	-2.663E-4
7.283	3.309E-5	-5.343E-4
7.315	2.219E-4	-6.143E-4
7.347	3.361E-4	-8.450E-4
7.378	2.704E-4	-9.488E-4
7.410	1.228E-4	-9.500E-4
7.442	-6.231E-5	-9.411E-4
7.473	-6.500E-5	-8.224E-4
7.505	4.835E-5	-6.716E-4
7.537	5.303E-5	-3.829E-4
7.568	-1.096E-5	-1.409E-4
7.600	5.189E-6	2.587E-4
7.632	-1.817E-4	2.387E-4
7.663	-1.511E-4	4.734E-4
7.695	5.278E-5	7.057E-4
7.727	4.071E-4	7.653E-4
7.758	7.355E-4	7.884E-4
7.790	8.584E-4	7.905E-4
7.822	7.653E-4	5.868E-4
7.853	3.808E-4	2.929E-4
7.885	-2.938E-4	-2.317E-6
7.917	-7.698E-4	-2.362E-4
7.948	-6.827E-4	-5.015E-4
7.980	-2.064E-4	-5.058E-4
8.012	4.075E-4	-7.909E-4
8.043	7.612E-4	-1.032E-3
8.075	6.548E-4	-1.151E-3
8.107	2.962E-4	-1.175E-3
8.138	-1.269E-4	-1.082E-3
8.170	-1.453E-4	-7.698E-4
8.202	2.049E-4	-4.406E-4
8.233	5.527E-4	-1.134E-4
8.265	5.646E-4	2.265E-4
8.297	5.289E-4	2.882E-4
8.328	-4.224E-4	1.500E-4
8.360	-4.520E-4	4.749E-4
8.392	-9.173E-5	7.056E-4
8.423	4.054E-4	7.631E-4
8.455	8.662E-4	8.942E-4
8.487	1.291E-3	9.102E-4
8.518	7.299E-4	5.387E-4
8.550	5.123E-4	3.328E-4
8.582	-4.717E-4	3.490E-5
8.613	-8.927E-4	-1.117E-4
8.645	-1.243E-3	-4.370E-4
8.677	-5.216E-4	-6.281E-4
8.708	3.871E-4	-9.473E-4
8.740	8.874E-4	-1.185E-3
8.772	7.961E-4	-1.332E-3
8.803	2.583E-4	-1.324E-3
8.835	-2.790E-4	-1.171E-3
8.867	-5.118E-4	-9.046E-4
8.898	-4.162E-4	-7.346E-4
8.930	-2.195E-4	-5.762E-4
8.962	2.043E-4	-2.066E-4
8.993	1.188E-4	-1.105E-6
9.025	-2.040E-4	2.908E-4
9.057	-4.369E-4	4.676E-4
9.088	-4.773E-4	7.119E-4
9.120	-1.581E-4	8.553E-4
9.152	-8.909E-6	7.425E-4
9.183	5.385E-4	7.353E-4
9.215	7.477E-4	5.551E-4
9.247	6.595E-4	4.448E-4
9.278	3.967E-4	2.064E-4
9.310	-7.680E-4	-1.506E-4
9.342	-1.259E-3	-4.699E-4
9.373	-8.675E-4	-8.165E-4
9.405	4.408E-4	-9.765E-4
9.437	1.484E-3	-1.206E-3
9.468	1.548E-3	-1.412E-3
9.500	1.125E-3	-1.413E-3
9.532	8.881E-5	-1.260E-3
9.563	-3.995E-4	-1.272E-3
9.595	-1.239E-3	-1.027E-3
9.627	-1.011E-3	-6.201E-4
9.658	-2.515E-4	-3.142E-4
9.690	3.579E-4	1.108E-4
9.722	3.260E-4	5.305E-4
9.753	6.544E-4	9.365E-4
9.785	3.811E-4	9.437E-4
9.817	3.335E-4	1.287E-3
9.848	6.008E-4	1.188E-3
9.880	8.052E-4	1.257E-3
9.912	1.408E-3	1.118E-3
9.943	1.527E-3	6.471E-4
9.975	8.772E-4	3.815E-4
10.007	-1.561E-4	6.362E-5
10.038	-8.689E-4	-3.819E-4
10.070	-5.382E-4	-5.910E-4
10.102	4.950E-4	-8.525E-4
10.133	1.524E-3	-1.091E-3
10.165	1.976E-3	-1.480E-3
10.197	1.999E-3	-1.270E-3
10.228	1.497E-3	-1.296E-3
10.260	4.437E-4	-1.149E-3
10.292	-6.191E-4	-7.944E-4
10.323	-9.129E-4	-4.448E-4
10.355	-3.516E-4	-3.004E-5
10.387	6.834E-4	3.476E-4
10.418	1.124E-3	7.291E-4
10.450	1.113E-3	9.750E-4
10.482	1.014E-3	1.067E-3
10.513	9.174E-4	1.209E-3
10.545	8.891E-4	1.141E-3
10.577	9.078E-4	1.116E-3
10.608	9.563E-4	8.862E-4
10.640	7.199E-4	5.090E-4
10.672	5.184E-5	3.407E-5
10.703	-6.526E-4	-3.778E-4
10.735	-8.554E-4	-6.765E-4
10.767	-2.342E-4	-1.031E-3
10.798	5.903E-4	-1.267E-3
10.830	1.048E-3	-1.291E-3
10.862	1.525E-3	-1.527E-3
10.893	1.568E-3	-1.538E-3
10.925	1.286E-3	-1.325E-3
10.957	2.979E-4	-1.068E-3
10.988	-4.522E-4	-5.818E-4
11.020	-7.314E-4	-1.841E-4
11.052	-1.415E-4	1.704E-4
11.083	6.180E-4	5.610E-4
11.115	9.942E-4	7.936E-4
11.147	1.116E-3	8.864E-4
11.178	1.228E-3	1.126E-3
11.210	1.231E-3	1.268E-3
11.242	1.224E-3	1.248E-3
11.273	1.271E-3	1.141E-3
11.305	1.090E-3	8.535E-4
11.337	5.821E-4	4.739E-4
11.368	-8.495E-5	1.373E-4
11.400	-7.987E-4	-3.537E-4
11.432	-5.932E-4	-7.953E-4
11.463	-2.402E-4	-8.249E-4
11.495	5.890E-4	-1.119E-3
11.527	3.504E-4	-1.654E-3
11.558	1.530E-3	-1.665E-3
11.590	1.370E-3	-1.518E-3
11.622	6.157E-4	-1.360E-3
11.653	-3.104E-4	-1.053E-3
11.685	-9.903E-4	-5.599E-4
11.717	-9.815E-4	-2.295E-4
11.748	-2.345E-4	1.703E-4
11.780	1.184E-4	5.031E-4
11.812	6.629E-4	7.949E-4
11.843	1.025E-3	8.749E-4
11.875	1.085E-3	1.201E-3
11.907	1.124E-3	1.301E-3
11.938	1.144E-3	1.085E-3
11.970	1.105E-3	1.174E-3
12.002	8.071E-4	8.590E-4
12.033	2.045E-4	2.017E-4
12.065	-5.601E-4	-2.413E-4
12.097	-9.707E-4	-2.129E-4
12.128	-1.108E-3	-7.053E-4
12.160	-3.424E-4	-1.063E-3
12.192	5.042E-4	-1.504E-3
12.223	1.309E-3	-1.674E-3
12.255	1.619E-3	-1.685E-3
12.287	1.472E-3	-1.476E-3
12.318	8.312E-4	-1.297E-3
12.350	-1.823E-4	-1.004E-3
12.382	-1.064E-3	-6.750E-4
12.413	-1.081E-3	-2.116E-4
12.445	-4.674E-4	3.793E-4
12.477	4.363E-4	7.932E-4
12.508	1.206E-3	9.728E-4
12.540	1.475E-3	1.030E-3
12.572	1.779E-3	1.536E-3
12.603	1.822E-3	1.267E-3
12.635	1.665E-3	1.268E-3
12.667	1.470E-3	1.472E-3
12.698	8.667E-4	7.762E-4
12.730	4.312E-4	7.708E-4
12.762	-3.030E-4	3.579E-4
12.793	-6.710E-4	-1.841E-4
12.825	-1.629E-4	-5.515E-4
12.857	6.739E-4	-9.982E-4
12.888	1.294E-3	-1.473E-3
12.920	1.645E-3	-1.584E-3
12.952	1.769E-3	-1.359E-3
12.983	1.500E-3	-1.352E-3
13.015	9.389E-4	-1.123E-3
13.047	5.832E-4	-7.047E-4
13.078	-2.061E-4	-2.378E-4
13.110	-1.500E-3	-2.917E-4
13.142	-6.909E-4	1.021E-4
13.173	-9.323E-5	3.817E-4
13.205	6.681E-4	8.479E-4
13.237	1.168E-3	1.303E-3
13.268	1.536E-3	1.182E-3
13.300	1.782E-3	1.297E-3
13.332	1.709E-3	1.266E-3
13.363	1.563E-3	1.054E-3
13.395	1.033E-3	9.078E-4
13.427	2.746E-5	2.957E-4
13.458	-9.569E-4	-2.285E-4
13.490	-1.132E-3	-7.894E-4
13.522	-5.278E-4	-1.240E-3
13.553	1.721E-5	-1.643E-3
13.585	7.340E-4	-1.830E-3
13.617	1.456E-3	-1.765E-3
13.648	1.406E-3	-1.944E-3
13.680	1.157E-3	-1.746E-3
13.712	1.013E-3	-1.071E-3
13.743	-2.205E-4	-1.026E-3
13.775	-3.124E-4	-9.085E-5
13.807	-3.123E-4	2.668E-4
13.838	-2.465E-5	1.744E-4
13.870	7.292E-4	5.652E-4
13.902	1.258E-3	1.095E-3
13.933	1.852E-3	1.444E-3
13.965	1.965E-3	1.243E-3
13.997	2.054E-3	1.389E-3
14.028	1.966E-3	1.124E-3
14.060	1.730E-3	1.184E-3
14.092	1.033E-3	7.292E-4
14.123	2.669E-4	7.024E-4
14.155	-8.194E-4	-3.365E-4
14.187	-8.206E-4	-7.465E-4
14.218	-8.168E-4	-1.516E-3
14.250	7.462E-4	-1.461E-3
14.282	1.570E-3	-2.358E-3
14.313	1.744E-3	-2.624E-3
14.345	1.791E-3	-2.473E-3
14.377	1.424E-3	-2.302E-3
14.408	6.594E-4	-1.994E-3
14.440	-4.938E-4	-1.538E-3
14.472	-1.276E-3	-1.144E-3
14.503	-1.150E-3	-6.190E-4
14.535	-3.444E-4	-1.556E-4
14.567	4.698E-4	3.932E-4
14.598	1.082E-3	6.857E-4
14.630	1.277E-3	8.101E-4
14.662	1.676E-3	9.409E-4
14.693	1.470E-3	9.129E-4
14.725	1.221E-3	8.294E-4
14.757	7.660E-4	4.936E-4
14.788	-5.012E-5	2.837E-5
14.820	-8.989E-4	-3.470E-4
14.852	-1.310E-3	-8.485E-4
14.883	-1.101E-3	-1.261E-3
14.915	-1.400E-4	-1.599E-3
14.947	3.945E-4	-1.821E-3
14.978	8.398E-4	-2.146E-3
15.010	1.254E-3	-2.266E-3
15.042	1.231E-3	-2.291E-3
15.073	1.005E-3	-2.031E-3
15.105	3.385E-4	-1.587E-3
15.137	-1.448E-4	-9.748E-4
15.168	-7.038E-4	-4.117E-4
15.200	-4.006E-4	-4.589E-6
15.232	4.339E-4	5.009E-4
15.263	8.588E-4	6.756E-4
15.295	1.569E-3	1.026E-3
15.327	2.165E-3	1.242E-3
15.358	2.453E-3	1.294E-3
15.390	2.455E-3	1.364E-3
15.422	2.236E-3	1.176E-3
15.453	1.574E-3	8.955E-4
15.485	4.933E-5	1.523E-4
15.517	-1.165E-3	-4.490E-4
15.548	-1.410E-3	-8.888E-4
15.580	-1.241E-3	-1.176E-3
15.612	-3.682E-4	-1.581E-3
15.643	5.710E-4	-1.947E-3
15.675	1.492E-3	-1.997E-3
15.707	1.791E-3	-2.119E-3
15.738	1.731E-3	-2.059E-3
15.770	1.286E-3	-1.763E-3
15.802	4.007E-4	-1.321E-3
15.833	-6.333E-4	-7.851E-4
15.865	-1.020E-3	-4.204E-4
15.897	-1.213E-3	-3.804E-4
15.928	-2.560E-4	2.597E-4
15.960	-7.153E-5	5.290E-4
15.992	1.032E-3	7.661E-4
16.023	1.621E-3	1.060E-3
16.055	1.875E-3	1.031E-3
16.087	1.773E-3	9.602E-4
16.118	1.265E-3	8.467E-4
16.150	4.863E-4	4.435E-4
16.182	-5.002E-4	-1.232E-4
16.213	-1.019E-3	-1.824E-4
16.245	-1.654E-3	-7.614E-4
16.277	-1.155E-3	-1.208E-3
16.308	4.502E-6	-1.566E-3
16.340	9.424E-4	-2.033E-3
16.372	1.464E-3	-2.234E-3
16.403	1.690E-3	-2.187E-3
16.435	1.314E-3	-2.203E-3
16.467	8.613E-4	-1.831E-3
16.498	-1.455E-4	-1.270E-3
16.530	-7.647E-4	-1.063E-3
16.562	-1.390E-3	-5.897E-4
16.593	-1.130E-3	-1.422E-4
16.625	-1.414E-4	2.931E-4
16.657	7.436E-4	7.892E-4
16.688	2.052E-3	1.297E-3
16.720	2.550E-3	1.295E-3
16.752	2.614E-3	1.386E-3
16.783	2.345E-3	1.329E-3
16.815	1.245E-3	8.497E-4
16.847	5.334E-4	6.292E-4
16.878	-4.239E-4	6.702E-5
16.910	-1.287E-3	-5.088E-4
16.942	-1.272E-3	-7.916E-4
16.973	-5.770E-4	-1.158E-3
17.005	3.563E-4	-1.561E-3
17.037	1.134E-3	-1.935E-3
17.068	1.318E-3	-2.438E-3
17.100	1.741E-3	-2.209E-3
17.132	1.521E-3	-1.964E-3
17.163	1.218E-3	-1.856E-3
17.195	3.041E-4	-1.384E-3
17.227	2.658E-5	-5.602E-4
17.258	-1.133E-3	-3.177E-4
17.290	-7.791E-4	-1.931E-5
17.322	3.736E-4	6.484E-4
17.353	1.410E-3	1.055E-3
17.385	2.561E-3	1.378E-3
17.417	2.965E-3	1.448E-3
17.448	2.975E-3	1.407E-3
17.480	2.814E-3	1.395E-3
17.512	2.213E-3	1.201E-3
17.543	1.091E-3	7.644E-4
17.575	-1.142E-4	2.929E-4
17.607	-9.673E-4	-2.366E-4
17.638	-8.277E-4	-6.462E-4
17.670	1.969E-4	-1.143E-3
17.702	1.087E-3	-1.616E-3
17.733	1.759E-3	-1.940E-3
17.765	2.084E-3	-2.026E-3
17.797	2.091E-3	-2.122E-3
17.828	1.705E-3	-2.031E-3
17.860	1.161E-3	-1.699E-3
17.892	2.602E-4	-1.208E-3
17.923	-7.617E-4	-6.271E-4
17.955	-8.857E-4	-9.234E-5
17.987	-2.324E-4	3.188E-4
18.018	6.856E-4	6.992E-4
18.050	1.759E-3	1.208E-3
18.082	2.436E-3	1.356E-3
18.113	2.631E-3	1.431E-3
18.145	2.760E-3	1.412E-3
18.177	2.473E-3	1.319E-3
18.208	1.821E-3	1.177E-3
18.240	8.230E-4	6.730E-4
18.272	-3.298E-4	1.497E-4
18.303	-9.438E-4	-3.569E-4
18.335	-6.257E-4	-8.742E-4
18.367	2.385E-4	-1.356E-3
18.398	1.271E-3	-1.711E-3
18.430	1.623E-3	-2.033E-3
18.462	2.147E-3	-2.089E-3
18.493	2.297E-3	-2.127E-3
18.525	2.075E-3	-2.025E-3
18.557	1.399E-3	-1.550E-3
18.588	1.047E-4	-1.025E-3
18.620	-8.179E-4	-4.821E-4
18.652	-8.912E-4	9.284E-5
18.683	-1.411E-5	4.775E-4
18.715	1.118E-3	8.545E-4
18.747	1.679E-3	1.144E-3
18.778	2.664E-3	1.274E-3
18.810	3.262E-3	1.415E-3
18.842	3.162E-3	1.275E-3
18.873	2.697E-3	1.125E-3
18.905	1.843E-3	9.479E-4
18.937	5.377E-4	4.925E-4
18.968	-7.155E-4	-2.362E-5
19.000	-1.030E-3	-5.045E-4
19.032	-3.110E-4	-9.314E-4
19.063	3.448E-4	-1.176E-3
19.095	1.471E-3	-1.680E-3
19.127	2.126E-3	-2.213E-3
19.158	2.557E-3	-2.237E-3
19.190	2.449E-3	-2.157E-3
19.222	2.140E-3	-1.758E-3
19.253	1.260E-3	-1.266E-3
19.285	-5.320E-4	-1.124E-3
19.317	-2.047E-3	-4.164E-4
19.348	-8.526E-4	1.704E-5
19.380	-4.053E-4	1.099E-4
19.412	7.314E-4	7.444E-4
19.443	1.778E-3	1.096E-3
19.475	2.504E-3	1.151E-3
19.507	2.712E-3	1.290E-3
19.538	2.472E-3	1.275E-3
19.570	1.732E-3	1.001E-3
19.602	8.722E-4	6.758E-4
19.633	3.130E-4	5.682E-4
19.665	-7.111E-4	-1.417E-4
19.697	-8.107E-4	-2.543E-4
19.728	-6.295E-4	-9.413E-4
19.760	-8.884E-5	-1.590E-3
19.792	5.913E-4	-1.985E-3
19.823	2.062E-3	-1.624E-3
19.855	1.970E-3	-2.166E-3
19.887	2.733E-3	-1.745E-3
19.918	2.320E-3	-1.505E-3
19.950	1.384E-3	-1.077E-3
19.982	2.525E-4	-5.056E-4
20.013	-1.605E-4	-2.538E-4
20.045	-1.506E-4	2.369E-4
20.077	6.362E-4	7.187E-4
20.108	1.695E-3	1.123E-3
20.140	2.531E-3	1.296E-3
20.172	3.141E-3	1.324E-3
20.203	3.526E-3	1.446E-3
20.235	3.266E-3	1.324E-3
20.267	2.583E-3	1.125E-3
20.298	1.528E-3	7.375E-4
20.330	8.435E-4	4.469E-4
20.362	-2.976E-4	2.880E-5
20.393	-7.935E-4	-5.331E-4
20.425	-1.328E-4	-1.017E-3
20.457	1.136E-3	-1.377E-3
20.488	2.006E-3	-1.943E-3
20.520	2.485E-3	-2.228E-3
20.552	2.715E-3	-2.189E-3
20.583	2.476E-3	-2.093E-3
20.615	1.752E-3	-1.728E-3
20.647	9.996E-4	-1.532E-3
20.678	-1.421E-4	-9.488E-4
20.710	-1.143E-3	-5.945E-4
20.742	-9.656E-4	-1.229E-4
20.773	-8.234E-5	3.526E-4
20.805	1.063E-3	7.028E-4
20.837	1.881E-3	9.418E-4
20.868	2.531E-3	1.143E-3
20.900	2.582E-3	1.005E-3
20.932	2.582E-3	1.183E-3
20.963	1.876E-3	8.292E-4
20.995	1.395E-3	7.345E-4
21.027	1.149E-4	1.169E-4
21.058	-8.858E-4	-3.921E-4
21.090	-9.841E-4	-9.136E-4
21.122	1.258E-5	-1.418E-3
21.153	1.156E-3	-2.063E-3
21.185	2.040E-3	-2.353E-3
21.217	2.568E-3	-2.447E-3
21.248	2.678E-3	-2.597E-3
21.280	2.602E-3	-2.357E-3
21.312	2.057E-3	-2.116E-3
21.343	9.914E-4	-1.668E-3
21.375	-3.433E-4	-1.188E-3
21.407	-9.882E-4	-5.983E-4
21.438	-5.226E-4	-9.581E-5
21.470	6.910E-4	4.783E-4
21.502	1.967E-3	7.372E-4
21.533	3.018E-3	1.064E-3
21.565	3.586E-3	1.128E-3
21.597	3.642E-3	1.130E-3
21.628	3.321E-3	1.001E-3
21.660	2.453E-3	7.394E-4
21.692	1.175E-3	4.358E-4
21.723	-1.720E-4	-9.636E-5
21.755	-9.927E-4	-6.256E-4
21.787	-6.657E-4	-1.092E-3
21.818	5.104E-4	-1.616E-3
21.850	1.628E-3	-2.100E-3
21.882	2.362E-3	-2.425E-3
21.913	2.544E-3	-2.561E-3
21.945	2.652E-3	-2.572E-3
21.977	2.363E-3	-2.301E-3
22.008	1.561E-3	-1.968E-3
22.040	4.166E-4	-1.512E-3
22.072	-7.697E-4	-9.779E-4
22.103	-9.767E-4	-5.246E-4
22.135	-1.797E-4	5.753E-5
22.167	9.415E-4	6.203E-4
22.198	2.029E-3	8.723E-4
22.230	2.451E-3	1.143E-3
22.262	3.013E-3	1.029E-3
22.293	3.109E-3	1.129E-3
22.325	2.717E-3	1.069E-3
22.357	1.881E-3	6.986E-4
22.388	7.569E-4	2.284E-4
22.420	-4.407E-4	-1.881E-4
22.452	-1.069E-3	-6.753E-4
22.483	-5.767E-4	-1.201E-3
22.515	5.207E-4	-1.642E-3
22.547	1.073E-3	-1.859E-3
22.578	1.903E-3	-2.235E-3
22.610	2.389E-3	-2.602E-3
22.642	2.463E-3	-2.484E-3
22.673	2.133E-3	-2.156E-3
22.705	1.278E-3	-1.789E-3
22.737	3.746E-5	-1.247E-3
22.768	-1.123E-3	-8.787E-4
22.800	-1.137E-3	-3.602E-4
22.832	-1.492E-4	1.365E-4
22.863	6.589E-4	4.602E-4
22.895	1.614E-3	8.298E-4
22.927	2.535E-3	1.218E-3
22.958	3.052E-3	1.135E-3
22.990	3.021E-3	1.151E-3
23.022	2.496E-3	1.088E-3
23.053	1.499E-3	5.990E-4
23.085	2.731E-4	1.444E-4
23.117	-9.240E-4	-2.093E-4
23.148	-1.228E-3	-7.120E-4
23.180	-9.029E-4	-1.149E-3
23.212	2.269E-4	-1.567E-3
23.243	1.332E-3	-1.956E-3
23.275	2.063E-3	-2.308E-3
23.307	2.336E-3	-2.619E-3
23.338	2.268E-3	-2.424E-3
23.370	1.757E-3	-2.092E-3
23.402	7.940E-4	-1.583E-3
23.433	-4.305E-4	-1.130E-3
23.465	-1.060E-3	-5.973E-4
23.497	-7.241E-4	-1.513E-4
23.528	-2.068E-4	5.301E-5
23.560	9.323E-4	6.390E-4
23.592	1.967E-3	9.380E-4
23.623	2.643E-3	1.196E-3
23.655	2.937E-3	1.229E-3
23.687	2.643E-3	1.171E-3
23.718	2.072E-3	9.307E-4
23.750	1.098E-3	5.482E-4
23.782	7.247E-5	2.098E-5
23.813	-7.211E-4	-4.776E-4
23.845	-8.548E-4	-7.652E-4
23.877	-3.634E-4	-1.176E-3
23.908	6.423E-4	-1.676E-3
23.940	1.531E-3	-2.099E-3
23.972	2.122E-3	-2.481E-3
24.003	2.414E-3	-2.540E-3
24.035	2.394E-3	-2.387E-3
24.067	2.028E-3	-2.039E-3
24.098	1.014E-3	-1.610E-3
24.130	-2.211E-4	-9.996E-4
24.162	-6.818E-4	-7.035E-4
24.193	-7.799E-4	-2.873E-4
24.225	-6.052E-6	1.456E-4
24.257	1.155E-3	6.244E-4
24.288	2.317E-3	1.068E-3
24.320	3.181E-3	1.135E-3
24.352	3.508E-3	1.082E-3
24.383	3.203E-3	1.113E-3
24.415	2.350E-3	7.902E-4
24.447	1.147E-3	3.241E-4
24.478	4.434E-4	1.153E-4
24.510	-7.579E-4	-4.415E-4
24.542	-1.069E-3	-9.886E-4
24.573	-1.960E-4	-1.483E-3
24.605	1.025E-3	-1.828E-3
24.637	1.941E-3	-2.231E-3
24.668	2.420E-3	-2.563E-3
24.700	2.450E-3	-2.619E-3
24.732	2.096E-3	-2.272E-3
24.763	1.276E-3	-1.933E-3
24.795	7.483E-4	-1.647E-3
24.827	-4.410E-4	-1.094E-3
24.858	-9.849E-4	-6.506E-4
24.890	-5.022E-4	-9.570E-5
24.922	4.949E-4	2.618E-4
24.953	1.474E-3	6.860E-4
24.985	2.264E-3	1.101E-3
25.017	2.698E-3	1.182E-3
25.048	2.697E-3	1.041E-3
25.080	2.269E-3	1.111E-3
25.112	1.918E-3	8.052E-4
25.143	1.062E-3	4.739E-4
25.175	4.972E-5	5.602E-5
25.207	-8.141E-4	-4.757E-4
25.238	-9.199E-4	-1.008E-3
25.270	-1.800E-4	-1.473E-3
25.302	7.682E-4	-2.052E-3
25.333	1.508E-3	-2.321E-3
25.365	1.977E-3	-2.397E-3
25.397	2.053E-3	-2.570E-3
25.428	1.964E-3	-2.262E-3
25.460	1.499E-3	-2.040E-3
25.492	5.463E-4	-1.588E-3
25.523	-6.798E-4	-1.122E-3
25.555	-1.267E-3	-5.548E-4
25.587	-7.559E-4	-8.228E-5
25.618	3.264E-4	5.022E-4
25.650	1.457E-3	9.442E-4
25.682	2.417E-3	1.091E-3
25.713	2.969E-3	1.240E-3
25.745	3.024E-3	1.119E-3
25.777	2.801E-3	1.163E-3
25.808	2.016E-3	7.883E-4
25.840	9.092E-4	3.140E-4
25.872	-3.763E-4	-1.528E-4
25.903	-1.143E-3	-6.586E-4
25.935	-8.051E-4	-1.060E-3
25.967	3.573E-4	-1.561E-3
25.998	1.502E-3	-2.060E-3
26.030	2.247E-3	-2.527E-3
26.062	2.494E-3	-2.527E-3
26.093	2.677E-3	-2.651E-3
26.125	2.398E-3	-2.359E-3
26.157	1.690E-3	-1.884E-3
26.188	4.595E-4	-1.416E-3
26.220	-8.040E-4	-8.858E-4
26.252	-9.188E-4	-5.028E-4
26.283	-6.623E-5	4.718E-5
26.315	1.128E-3	6.738E-4
26.347	2.264E-3	9.167E-4
26.378	2.759E-3	1.161E-3
26.410	3.332E-3	1.061E-3
26.442	3.378E-3	1.084E-3
26.473	2.830E-3	1.092E-3
26.505	1.879E-3	5.886E-4
26.537	6.677E-4	1.304E-4
26.568	-5.194E-4	-3.147E-4
26.600	-9.508E-4	-6.839E-4
26.632	-3.349E-4	-1.195E-3
26.663	7.909E-4	-1.644E-3
26.695	1.248E-3	-2.063E-3
26.727	2.010E-3	-2.311E-3
26.758	2.370E-3	-2.550E-3
26.790	2.388E-3	-2.656E-3
26.822	2.029E-3	-2.254E-3
26.853	1.229E-3	-1.728E-3
26.885	2.680E-5	-1.172E-3
26.917	-8.844E-4	-7.993E-4
26.948	-7.777E-4	-3.597E-4
26.980	1.011E-4	-2.962E-7
27.012	6.132E-4	4.799E-4
27.043	1.659E-3	6.910E-4
27.075	2.513E-3	1.124E-3
27.107	2.959E-3	1.200E-3
27.138	2.927E-3	9.218E-4
27.170	2.434E-3	1.060E-3
27.202	1.484E-3	5.900E-4
27.233	3.328E-4	-8.564E-5
27.265	-7.938E-4	-5.407E-4
27.297	-1.139E-3	-1.072E-3
27.328	-8.562E-4	-1.096E-3
27.360	1.890E-4	-1.585E-3
27.392	1.248E-3	-2.240E-3
27.423	1.975E-3	-2.411E-3
27.455	2.321E-3	-2.397E-3
27.487	2.165E-3	-2.599E-3
27.518	1.643E-3	-2.156E-3
27.550	6.831E-4	-1.450E-3
27.582	-6.064E-4	-9.207E-4
27.613	-1.246E-3	-4.513E-4
27.645	-1.171E-3	-4.690E-4
27.677	-3.285E-4	1.948E-4
27.708	7.241E-4	7.175E-4
27.740	1.704E-3	7.685E-4
27.772	2.504E-3	1.308E-3
27.803	2.795E-3	1.194E-3
27.835	2.603E-3	1.003E-3
27.867	2.003E-3	1.037E-3
27.898	1.028E-3	4.096E-4
27.930	-1.454E-4	-2.005E-4
27.962	-6.565E-4	-1.780E-4
27.993	-1.068E-3	-7.464E-4
28.025	-4.654E-4	-1.277E-3
28.057	5.856E-4	-1.881E-3
28.088	1.540E-3	-2.354E-3
28.120	2.164E-3	-2.407E-3
28.152	2.448E-3	-2.525E-3
28.183	2.315E-3	-2.587E-3
28.215	1.781E-3	-2.053E-3
28.247	7.857E-4	-1.421E-3
28.278	1.171E-4	-1.417E-3
28.310	-9.106E-4	-8.487E-4
28.342	-8.376E-4	-4.438E-4
28.373	1.150E-4	2.947E-4
28.405	1.284E-3	8.132E-4
28.437	2.354E-3	7.908E-4
28.468	3.082E-3	1.213E-3
28.500	3.309E-3	1.117E-3
28.532	2.982E-3	8.764E-4
28.563	2.231E-3	9.296E-4
28.595	1.666E-3	4.342E-4
28.627	3.681E-4	1.468E-4
28.658	-8.154E-4	-3.552E-4
28.690	-1.061E-3	-8.865E-4
28.722	-1.436E-4	-1.452E-3
28.753	1.049E-3	-1.915E-3
28.785	1.956E-3	-2.315E-3
28.817	2.455E-3	-2.469E-3
28.848	2.560E-3	-2.654E-3
28.880	2.219E-3	-2.307E-3
28.912	1.849E-3	-2.170E-3
28.943	7.682E-4	-1.677E-3
28.975	-5.611E-4	-1.072E-3
29.007	-1.243E-3	-6.671E-4
29.038	-7.366E-4	-1.475E-4
29.070	3.837E-4	4.125E-4
29.102	1.537E-3	8.165E-4
29.133	2.418E-3	1.069E-3
29.165	2.901E-3	1.217E-3
29.197	2.871E-3	1.177E-3
29.228	2.651E-3	1.135E-3
29.260	1.938E-3	9.132E-4
29.292	9.018E-4	4.381E-4
29.323	-2.227E-4	-8.909E-5
29.355	-1.003E-3	-5.523E-4
29.387	-6.934E-4	-1.060E-3
29.418	3.057E-4	-1.454E-3
29.450	1.245E-3	-1.950E-3
29.482	1.901E-3	-2.394E-3
29.513	2.263E-3	-2.539E-3
29.545	2.296E-3	-2.569E-3
29.577	2.223E-3	-2.392E-3
29.608	1.753E-3	-1.970E-3
29.640	7.507E-4	-1.442E-3
29.672	-3.558E-4	-9.795E-4
29.703	-7.696E-4	-4.376E-4
29.735	-2.454E-4	2.501E-5
29.767	7.841E-4	4.715E-4
29.798	1.866E-3	8.532E-4
29.830	2.813E-3	1.180E-3
29.862	3.135E-3	1.122E-3
29.893	3.378E-3	1.169E-3
29.925	2.989E-3	9.768E-4
29.957	2.453E-3	8.188E-4
29.988	1.070E-3	3.510E-4
30.020	-1.659E-4	-1.874E-4
30.052	-9.320E-4	-7.400E-4
30.083	-5.291E-4	-1.176E-3
30.115	6.237E-4	-1.747E-3
30.147	1.638E-3	-2.173E-3
30.178	2.118E-3	-2.330E-3
30.210	2.664E-3	-2.624E-3
30.242	2.865E-3	-2.543E-3
30.273	2.578E-3	-2.351E-3
30.305	1.862E-3	-1.952E-3
30.337	5.732E-4	-1.472E-3
30.368	-7.041E-4	-8.568E-4
30.400	-9.188E-4	-4.144E-4
30.432	-6.884E-5	1.447E-4
30.463	1.207E-3	6.841E-4
30.495	1.886E-3	8.250E-4
30.527	3.009E-3	1.066E-3
30.558	3.694E-3	9.801E-4
30.590	3.872E-3	1.089E-3
30.622	3.355E-3	8.576E-4
30.653	2.369E-3	6.205E-4
30.685	8.460E-4	2.442E-4
30.717	-6.099E-4	-3.636E-4
30.748	-1.132E-3	-8.267E-4
30.780	-4.413E-4	-1.403E-3
30.812	2.768E-4	-1.558E-3
30.843	1.695E-3	-2.002E-3
30.875	2.654E-3	-2.558E-3
30.907	3.208E-3	-2.682E-3
30.938	3.296E-3	-2.615E-3
30.970	2.871E-3	-2.376E-3
31.002	1.860E-3	-1.891E-3
31.033	1.862E-4	-1.243E-3
31.065	-1.198E-3	-7.990E-4
31.097	-1.343E-3	-3.220E-4
31.128	-6.912E-4	-3.290E-5
31.160	7.721E-4	4.113E-4
31.192	2.335E-3	9.481E-4
31.223	3.599E-3	9.584E-4
31.255	4.301E-3	9.331E-4
31.287	4.433E-3	8.260E-4
31.318	4.026E-3	7.106E-4
31.350	2.939E-3	5.398E-4
31.382	1.146E-3	-2.230E-6
31.413	-9.582E-4	-5.515E-4
31.445	-2.038E-3	-5.673E-4
31.477	-1.855E-3	-1.144E-3
31.508	-1.846E-4	-1.661E-3
31.540	1.807E-3	-2.390E-3
31.572	3.292E-3	-2.597E-3
31.603	4.395E-3	-3.077E-3
31.635	5.359E-3	-3.122E-3
31.762	1.162E-2	-8.883E-3
