0.000	7.812E-5	-5.265E-5
0.032	8.414E-5	-5.109E-5
0.063	1.318E-4	-4.988E-5
0.095	2.459E-4	-6.485E-5
0.127	3.969E-4	-5.049E-5
0.158	4.788E-4	-7.521E-5
0.190	5.031E-4	-7.735E-5
0.222	3.707E-4	-7.782E-5
0.253	2.316E-4	-4.849E-5
0.285	1.520E-4	-5.450E-5
0.317	2.502E-4	-4.614E-5
0.348	3.718E-4	-7.255E-5
0.380	5.266E-4	-7.664E-5
0.412	5.473E-4	-8.899E-5
0.443	3.661E-4	-7.205E-5
0.475	2.310E-4	-7.814E-5
0.507	2.325E-4	-7.661E-5
0.538	4.378E-4	-8.134E-5
0.570	5.509E-4	-8.760E-5
0.602	4.899E-4	-8.064E-5
0.633	3.105E-4	-7.626E-5
0.665	2.462E-4	-7.774E-5
0.697	2.512E-4	-7.808E-5
0.728	3.757E-4	-1.048E-4
0.760	4.791E-4	-1.019E-4
0.792	4.710E-4	-1.163E-4
0.823	3.545E-4	-1.105E-4
0.855	2.642E-4	-1.161E-4
0.887	3.056E-4	-1.029E-4
0.918	3.613E-4	-2.033E-4
0.950	3.781E-4	-1.771E-4
0.982	3.614E-4	-1.891E-4
1.013	3.159E-4	-2.031E-4
1.045	1.706E-4	-2.205E-4
1.077	1.819E-4	-1.993E-4
1.108	1.952E-4	-1.958E-4
1.140	2.427E-4	-2.222E-4
1.172	2.343E-4	-2.236E-4
1.203	1.919E-4	-2.021E-4
1.235	8.998E-5	-2.189E-4
1.267	7.998E-5	-2.288E-4
1.298	9.275E-5	-2.196E-4
1.330	1.001E-4	-2.172E-4
1.362	1.107E-4	-1.943E-4
1.393	1.099E-4	-2.220E-4
1.425	8.589E-5	-2.364E-4
1.457	7.985E-5	-2.448E-4
1.488	9.273E-5	-2.635E-4
1.520	1.421E-4	-2.591E-4
1.552	1.442E-4	-2.501E-4
1.583	1.272E-4	-2.837E-4
1.615	8.836E-5	-2.532E-4
1.647	7.590E-5	-2.554E-4
1.678	8.517E-5	-2.512E-4
1.710	1.838E-4	-2.298E-4
1.742	1.924E-4	-2.327E-4
1.773	1.911E-4	-2.164E-4
1.805	1.815E-4	-2.120E-4
1.837	2.194E-4	-2.094E-4
1.868	2.150E-4	-1.943E-4
1.900	2.403E-4	-2.040E-4
1.932	2.402E-4	-1.996E-4
1.963	2.406E-4	-2.087E-4
1.995	2.462E-4	-2.016E-4
2.027	2.178E-4	-2.013E-4
2.058	2.166E-4	-2.011E-4
2.090	2.192E-4	-2.036E-4
2.122	2.162E-4	-1.938E-4
2.153	2.207E-4	-1.984E-4
2.185	2.165E-4	-1.929E-4
2.217	1.911E-4	-1.691E-4
2.248	1.210E-4	-2.338E-4
2.280	1.110E-4	-2.352E-4
2.312	1.089E-4	-2.269E-4
2.343	1.001E-4	-2.280E-4
2.375	1.001E-4	-2.257E-4
2.407	6.294E-5	-2.312E-4
2.438	4.628E-5	-2.273E-4
2.470	5.132E-5	-2.330E-4
2.502	4.448E-5	-2.284E-4
2.533	4.859E-5	-2.390E-4
2.565	4.885E-5	-2.366E-4
2.597	2.968E-5	-2.357E-4
2.628	2.605E-5	-2.409E-4
2.660	3.909E-6	-2.347E-4
2.692	2.004E-5	-2.314E-4
2.723	5.826E-5	-2.102E-4
2.755	9.211E-5	-2.058E-4
2.787	8.736E-5	-2.150E-4
2.818	8.436E-5	-2.130E-4
2.850	6.112E-5	-2.192E-4
2.882	8.195E-5	-1.892E-4
2.913	1.131E-4	-1.836E-4
2.945	1.209E-4	-1.604E-4
2.977	1.323E-4	-1.712E-4
3.008	1.182E-4	-1.618E-4
3.040	9.756E-5	-1.871E-4
3.072	9.867E-5	-1.970E-4
3.103	9.739E-5	-1.943E-4
3.135	9.722E-5	-1.913E-4
3.167	9.248E-5	-1.931E-4
3.198	7.141E-5	-1.827E-4
3.230	2.944E-5	-1.928E-4
3.262	-1.049E-5	-2.055E-4
3.293	-1.556E-5	-2.170E-4
3.325	-1.609E-5	-2.197E-4
3.357	-3.951E-5	-2.198E-4
3.388	-7.325E-5	-2.042E-4
3.420	-8.248E-5	-2.185E-4
3.452	-8.433E-5	-2.101E-4
3.483	-1.306E-4	-1.956E-4
3.515	-1.344E-4	-2.266E-4
3.547	-1.262E-4	-2.285E-4
3.578	-1.214E-4	-2.232E-4
3.610	-1.259E-4	-2.238E-4
3.642	-1.227E-4	-2.241E-4
3.673	-1.434E-4	-2.019E-4
3.705	-1.085E-4	-1.984E-4
3.737	-1.059E-4	-2.010E-4
3.768	-1.004E-4	-2.001E-4
3.800	-1.087E-4	-2.013E-4
3.832	-1.029E-4	-2.067E-4
3.863	-9.417E-5	-1.991E-4
3.895	-7.768E-5	-1.924E-4
3.927	-4.080E-5	-2.037E-4
3.958	-3.059E-5	-1.957E-4
3.990	-3.437E-5	-2.093E-4
4.022	-2.851E-5	-2.156E-4
4.053	-3.092E-5	-2.390E-4
4.085	-1.068E-5	-2.545E-4
4.117	-7.532E-6	-2.643E-4
4.148	-2.073E-6	-2.604E-4
4.180	1.091E-5	-2.541E-4
4.212	-1.405E-5	-2.055E-4
4.243	-1.521E-5	-1.982E-4
4.275	-1.626E-5	-1.721E-4
4.307	-7.608E-6	-1.327E-4
4.338	1.953E-5	-9.231E-5
4.370	6.828E-5	-5.027E-5
4.402	9.134E-5	-2.679E-5
4.433	1.062E-4	-4.704E-7
4.465	8.920E-5	1.359E-5
4.497	7.169E-5	1.056E-5
4.528	5.048E-5	-1.480E-5
4.560	6.631E-5	-1.819E-5
4.592	1.877E-4	-8.015E-5
4.623	1.912E-4	-1.398E-4
4.655	1.928E-4	-2.045E-4
4.687	2.204E-4	-2.605E-4
4.718	2.187E-4	-3.159E-4
4.750	2.530E-4	-3.554E-4
4.782	2.499E-4	-4.053E-4
4.813	2.547E-4	-4.441E-4
4.845	2.162E-4	-4.896E-4
4.877	1.915E-4	-4.891E-4
4.908	2.349E-4	-4.449E-4
4.940	2.134E-4	-4.349E-4
4.972	1.833E-4	-3.440E-4
5.003	6.270E-5	-2.628E-4
5.035	5.228E-5	-1.735E-4
5.067	-1.239E-5	-5.912E-5
5.098	4.181E-5	-2.535E-5
5.130	1.071E-4	6.359E-5
5.162	1.307E-4	1.537E-4
5.193	1.554E-4	2.218E-4
5.225	1.585E-4	2.772E-4
5.257	1.656E-4	2.502E-4
5.288	1.693E-4	2.456E-4
5.320	2.124E-4	1.969E-4
5.352	1.265E-4	1.045E-4
5.383	1.381E-4	-1.834E-5
5.415	1.604E-4	-2.695E-5
5.447	1.605E-4	-1.448E-4
5.478	1.558E-4	-2.946E-4
5.510	2.037E-4	-4.121E-4
5.542	2.373E-4	-5.664E-4
5.573	2.083E-4	-6.351E-4
5.605	1.928E-4	-7.524E-4
5.637	1.851E-4	-7.606E-4
5.668	1.984E-4	-7.580E-4
5.700	1.922E-4	-6.927E-4
5.732	1.959E-4	-5.835E-4
5.763	1.558E-4	-4.714E-4
5.795	5.674E-5	-3.719E-4
5.827	-3.216E-5	-2.197E-4
5.858	-2.387E-5	-1.405E-4
5.890	6.646E-6	1.188E-5
5.922	8.094E-5	9.577E-5
5.953	1.932E-4	2.684E-4
5.985	2.866E-4	3.910E-4
6.017	4.443E-4	4.285E-4
6.048	4.885E-4	4.111E-4
6.080	5.281E-4	3.937E-4
6.112	4.869E-4	3.147E-4
6.143	3.994E-4	1.739E-4
6.175	3.014E-4	1.452E-5
6.207	2.000E-4	-1.182E-4
6.238	2.087E-4	-2.342E-4
6.270	3.292E-4	-2.893E-4
6.302	4.868E-4	-4.725E-4
6.333	5.482E-4	-5.797E-4
6.365	5.810E-4	-6.073E-4
6.397	5.910E-4	-6.812E-4
6.428	6.199E-4	-6.489E-4
6.460	6.050E-4	-7.285E-4
6.492	9.104E-4	-4.036E-4
6.523	8.995E-4	-2.805E-4
6.555	-3.582E-4	-4.902E-4
6.587	-4.125E-4	-3.362E-4
6.618	-3.979E-4	-1.316E-4
6.650	2.324E-4	1.580E-4
6.682	3.397E-4	2.767E-4
6.713	3.954E-4	3.946E-4
6.745	6.217E-4	5.622E-4
6.777	2.937E-4	6.854E-4
6.808	8.971E-4	8.071E-4
6.840	9.307E-4	8.033E-4
6.872	9.246E-4	6.892E-4
6.903	6.836E-4	5.667E-4
6.935	6.267E-4	5.689E-4
6.967	-4.115E-4	-1.248E-4
6.998	-4.609E-4	-1.726E-4
7.030	-1.267E-5	-1.070E-4
7.062	2.471E-4	-3.444E-4
7.093	4.706E-4	-5.309E-4
7.125	5.320E-4	-7.389E-4
7.157	4.698E-4	-7.982E-4
7.188	2.810E-4	-9.655E-4
7.220	3.073E-4	-9.677E-4
7.252	4.318E-4	-8.532E-4
7.283	5.305E-4	-6.430E-4
7.315	5.236E-4	-4.688E-4
7.347	4.620E-4	-2.184E-4
7.378	1.638E-4	-1.400E-4
7.410	-4.191E-4	-1.478E-4
7.442	-4.151E-4	6.039E-6
7.473	-2.004E-4	2.431E-4
7.505	7.737E-4	6.619E-4
7.537	1.028E-3	8.992E-4
7.568	1.214E-3	8.600E-4
7.600	1.354E-3	8.568E-4
7.632	1.314E-3	8.976E-4
7.663	1.128E-3	6.949E-4
7.695	8.173E-4	5.981E-4
7.727	3.335E-4	3.955E-4
7.758	1.827E-4	2.838E-4
7.790	-1.003E-5	-1.822E-5
7.822	6.311E-5	-3.522E-4
7.853	3.724E-4	-5.331E-4
7.885	5.554E-4	-8.252E-4
7.917	5.019E-4	-9.816E-4
7.948	3.144E-4	-1.139E-3
7.980	2.328E-4	-1.171E-3
8.012	2.129E-4	-1.165E-3
8.043	3.616E-4	-1.025E-3
8.075	5.553E-4	-8.795E-4
8.107	5.301E-4	-6.484E-4
8.138	3.770E-4	-3.512E-4
8.170	1.527E-4	-1.594E-4
8.202	1.652E-4	1.268E-4
8.233	2.699E-4	3.836E-4
8.265	2.762E-4	6.609E-4
8.297	4.915E-4	6.925E-4
8.328	1.049E-3	1.009E-3
8.360	1.419E-3	1.155E-3
8.392	1.761E-3	1.222E-3
8.423	1.638E-3	1.073E-3
8.455	1.291E-3	9.518E-4
8.487	7.702E-4	5.581E-4
8.518	2.435E-4	3.451E-4
8.550	-1.920E-4	1.035E-4
8.582	-1.935E-4	-4.358E-5
8.613	-3.042E-5	-2.705E-4
8.645	5.272E-4	-5.929E-4
8.677	8.143E-4	-8.773E-4
8.708	8.538E-4	-1.038E-3
8.740	6.051E-4	-1.111E-3
8.772	3.311E-4	-1.166E-3
8.803	-1.327E-5	-1.203E-3
8.835	5.452E-4	-9.929E-4
8.867	6.161E-4	-8.216E-4
8.898	7.501E-4	-4.914E-4
8.930	6.403E-4	-3.209E-4
8.962	2.086E-4	-8.905E-5
8.993	-2.073E-5	2.204E-4
9.025	1.557E-4	4.933E-4
9.057	5.792E-4	6.930E-4
9.088	1.148E-3	9.819E-4
9.120	1.680E-3	1.306E-3
9.152	2.076E-3	1.348E-3
9.183	2.150E-3	1.275E-3
9.215	1.940E-3	1.248E-3
9.247	1.698E-3	1.017E-3
9.278	1.083E-3	8.339E-4
9.310	2.854E-4	4.501E-4
9.342	-1.960E-4	9.995E-5
9.373	-1.955E-4	-2.204E-4
9.405	3.502E-4	-4.107E-4
9.437	8.007E-4	-6.782E-4
9.468	9.166E-4	-9.755E-4
9.500	7.640E-4	-1.178E-3
9.532	5.168E-4	-1.349E-3
9.563	5.218E-4	-1.326E-3
9.595	5.114E-4	-1.284E-3
9.627	6.456E-4	-1.058E-3
9.658	6.885E-4	-8.436E-4
9.690	6.281E-4	-5.192E-4
9.722	3.368E-4	-1.961E-4
9.753	1.726E-5	3.833E-5
9.785	2.611E-6	3.272E-4
9.817	2.574E-4	5.096E-4
9.848	7.889E-4	8.904E-4
9.880	1.084E-3	1.010E-3
9.912	1.632E-3	1.254E-3
9.943	2.228E-3	1.576E-3
9.975	2.336E-3	1.441E-3
10.007	1.673E-3	1.125E-3
10.038	1.209E-3	9.808E-4
10.070	6.417E-4	6.857E-4
10.102	-8.784E-5	2.663E-4
10.133	-4.863E-4	-7.767E-5
10.165	-3.950E-4	-3.199E-4
10.197	-1.071E-4	-4.275E-4
10.228	4.771E-4	-7.265E-4
10.260	8.082E-4	-1.050E-3
10.292	7.544E-4	-1.355E-3
10.323	4.913E-4	-1.522E-3
10.355	1.907E-4	-1.584E-3
10.387	2.096E-4	-1.447E-3
10.418	2.492E-4	-1.202E-3
10.450	1.673E-4	-8.489E-4
10.482	5.225E-5	-5.501E-4
10.513	3.982E-4	-3.483E-4
10.545	1.322E-4	5.855E-6
10.577	-1.017E-4	1.866E-4
10.608	1.502E-4	5.099E-4
10.640	6.379E-4	8.629E-4
10.672	1.228E-3	1.130E-3
10.703	1.810E-3	1.372E-3
10.735	2.250E-3	1.488E-3
10.767	2.301E-3	1.331E-3
10.798	1.922E-3	1.099E-3
10.830	1.880E-3	1.126E-3
10.862	1.056E-3	7.427E-4
10.893	2.006E-4	3.856E-4
10.925	-3.144E-4	1.261E-4
10.957	-2.272E-4	-2.515E-4
10.988	4.147E-4	-5.062E-4
11.020	9.915E-4	-8.754E-4
11.052	1.241E-3	-1.177E-3
11.083	1.098E-3	-1.503E-3
11.115	8.247E-4	-1.655E-3
11.147	6.989E-4	-1.619E-3
11.178	5.611E-4	-1.537E-3
11.210	5.218E-4	-1.229E-3
11.242	5.788E-4	-8.798E-4
11.273	5.109E-4	-4.876E-4
11.305	3.363E-4	-1.317E-4
11.337	1.248E-4	2.207E-4
11.368	1.222E-4	5.646E-4
11.400	4.493E-4	7.453E-4
11.432	1.011E-3	1.161E-3
11.463	1.376E-3	1.276E-3
11.495	2.016E-3	1.492E-3
11.527	2.364E-3	1.655E-3
11.558	2.229E-3	1.372E-3
11.590	2.163E-3	1.250E-3
11.622	1.266E-3	9.397E-4
11.653	3.995E-4	5.385E-4
11.685	-4.191E-4	9.182E-5
11.717	-6.213E-4	-2.294E-4
11.748	-3.132E-4	-4.415E-4
11.780	2.762E-4	-5.480E-4
11.812	8.215E-4	-9.788E-4
11.843	1.113E-3	-1.350E-3
11.875	1.324E-3	-1.563E-3
11.907	9.965E-4	-1.684E-3
11.938	6.309E-4	-1.727E-3
11.970	4.914E-4	-1.562E-3
12.002	4.027E-4	-1.255E-3
12.033	4.842E-4	-7.873E-4
12.065	4.510E-4	-4.343E-4
12.097	3.952E-4	-2.313E-4
12.128	1.622E-4	6.759E-5
12.160	2.397E-5	2.163E-4
12.192	2.406E-4	6.520E-4
12.223	7.366E-4	1.094E-3
12.255	1.374E-3	1.248E-3
12.287	2.112E-3	1.549E-3
12.318	2.610E-3	1.717E-3
12.350	2.627E-3	1.415E-3
12.382	2.226E-3	1.253E-3
12.413	1.786E-3	9.546E-4
12.445	8.534E-4	5.343E-4
12.477	-2.169E-4	2.138E-4
12.508	-7.496E-4	-2.077E-5
12.540	-4.488E-4	-4.018E-4
12.572	5.637E-4	-7.023E-4
12.603	1.367E-3	-1.169E-3
12.635	1.756E-3	-1.555E-3
12.667	1.620E-3	-1.740E-3
12.698	1.128E-3	-1.756E-3
12.730	8.991E-4	-1.938E-3
12.762	4.634E-4	-1.645E-3
12.793	2.075E-4	-1.149E-3
12.825	1.040E-4	-8.155E-4
12.857	2.928E-4	-3.777E-4
12.888	2.244E-4	-1.670E-4
12.920	2.027E-4	1.551E-4
12.952	2.180E-4	4.855E-4
12.983	4.573E-4	8.670E-4
13.015	8.745E-4	1.304E-3
13.047	1.145E-3	1.454E-3
13.078	1.752E-3	1.611E-3
13.110	2.403E-3	1.610E-3
13.142	2.617E-3	1.606E-3
13.173	2.318E-3	1.251E-3
13.205	1.674E-3	8.050E-4
13.237	5.945E-4	4.181E-4
13.268	-4.810E-4	6.386E-5
13.300	-9.322E-4	-2.843E-4
13.332	-3.476E-4	-6.084E-4
13.363	2.538E-4	-7.090E-4
13.395	1.288E-3	-1.083E-3
13.427	1.878E-3	-1.555E-3
13.458	2.070E-3	-1.890E-3
13.490	1.606E-3	-1.967E-3
13.522	9.623E-4	-1.854E-3
13.553	4.128E-4	-1.618E-3
13.585	9.289E-5	-1.177E-3
13.617	-3.546E-5	-7.045E-4
13.648	1.630E-4	-3.113E-4
13.680	2.790E-4	-1.754E-5
13.712	6.036E-4	2.474E-4
13.743	7.306E-4	5.099E-4
13.775	8.039E-4	9.295E-4
13.807	9.758E-4	1.216E-3
13.838	1.276E-3	1.582E-3
13.870	1.778E-3	1.818E-3
13.902	2.214E-3	1.718E-3
13.933	2.473E-3	1.452E-3
13.965	2.326E-3	1.280E-3
13.997	2.136E-3	9.847E-4
14.028	1.140E-3	4.791E-4
14.060	-2.527E-5	1.278E-4
14.092	-1.218E-3	-3.139E-4
14.123	-1.445E-3	-6.672E-4
14.155	-2.282E-4	-8.893E-4
14.187	1.386E-3	-1.415E-3
14.218	2.269E-3	-1.741E-3
14.250	2.203E-3	-1.967E-3
14.282	2.251E-3	-2.143E-3
14.313	1.914E-3	-2.001E-3
14.345	1.127E-3	-1.761E-3
14.377	2.562E-4	-1.263E-3
14.408	-5.614E-4	-8.252E-4
14.440	-5.234E-4	-3.453E-4
14.472	6.660E-5	6.503E-5
14.503	9.633E-4	6.270E-4
14.535	1.288E-3	7.836E-4
14.567	1.395E-3	9.349E-4
14.598	1.479E-3	1.364E-3
14.630	1.549E-3	1.573E-3
14.662	1.579E-3	1.665E-3
14.693	1.552E-3	1.679E-3
14.725	1.738E-3	1.593E-3
14.757	1.791E-3	1.272E-3
14.788	1.627E-3	8.317E-4
14.820	8.562E-4	3.644E-4
14.852	-3.035E-4	-1.943E-4
14.883	-1.097E-3	-4.937E-4
14.915	-7.683E-4	-7.384E-4
14.947	-4.711E-4	-9.687E-4
14.978	9.452E-4	-1.235E-3
15.010	1.968E-3	-1.645E-3
15.042	3.004E-3	-1.886E-3
15.073	3.015E-3	-2.040E-3
15.105	2.360E-3	-2.066E-3
15.137	1.294E-3	-1.736E-3
15.168	2.366E-4	-1.091E-3
15.200	-9.187E-4	-6.489E-4
15.232	-8.674E-4	-2.696E-4
15.263	-5.839E-4	9.672E-6
15.295	2.256E-4	4.244E-4
15.327	1.150E-3	7.688E-4
15.358	1.382E-3	8.873E-4
15.390	1.491E-3	8.561E-4
15.422	1.919E-3	6.526E-4
15.453	2.868E-3	-2.474E-3
15.485	3.710E-3	-6.948E-3
15.517	5.648E-3	-1.184E-2